X	Trapecijos	Simpsono
0	1	1
0.01	1.00333	1.00333
0.02	1.00666	1.00666
0.03	1.00998	1.00998
0.04	1.01329	1.01329
0.05	1.01661	1.01661
0.06	1.01991	1.01991
0.07	1.02321	1.02321
0.08	1.02651	1.02651
0.09	1.0298	1.0298
0.1	1.03309	1.03309
0.11	1.03638	1.03637
0.12	1.03965	1.03965
0.13	1.04293	1.04293
0.14	1.0462	1.0462
0.15	1.04946	1.04946
0.16	1.05272	1.05272
0.17	1.05598	1.05598
0.18	1.05923	1.05923
0.19	1.06248	1.06248
0.2	1.06572	1.06572
0.21	1.06896	1.06896
0.22	1.0722	1.07219
0.23	1.07543	1.07542
0.24	1.07865	1.07865
0.25	1.08188	1.08187
0.26	1.0851	1.08509
0.27	1.08831	1.0883
0.28	1.09152	1.09151
0.29	1.09473	1.09472
0.3	1.09793	1.09792
0.31	1.10113	1.10112
0.32	1.10432	1.10432
0.33	1.10751	1.10751
0.34	1.1107	1.11069
0.35	1.11388	1.11387
0.36	1.11706	1.11705
0.37	1.12023	1.12023
0.38	1.12341	1.1234
0.39	1.12657	1.12657
0.4	1.12974	1.12973
0.41	1.1329	1.13289
0.42	1.13605	1.13605
0.43	1.13921	1.1392
0.44	1.14236	1.14235
0.45	1.1455	1.14549
0.46	1.14864	1.14863
0.47	1.15178	1.15177
0.48	1.15492	1.15491
0.49	1.15805	1.15804
0.5	1.16118	1.16117
0.51	1.1643	1.16429
0.52	1.16742	1.16741
0.53	1.17054	1.17053
0.54	1.17365	1.17364
0.55	1.17676	1.17675
0.56	1.17987	1.17986
0.57	1.18298	1.18296
0.58	1.18608	1.18607
0.59	1.18917	1.18916
0.6	1.19227	1.19226
0.61	1.19536	1.19535
0.62	1.19845	1.19844
0.63	1.20153	1.20152
0.64	1.20461	1.2046
0.65	1.20769	1.20768
0.66	1.21077	1.21075
0.67	1.21384	1.21383
0.68	1.21691	1.21689
0.69	1.21997	1.21996
0.7	1.22303	1.22302
0.71	1.22609	1.22608
0.72	1.22915	1.22914
0.73	1.2322	1.23219
0.74	1.23525	1.23524
0.75	1.2383	1.23829
0.76	1.24135	1.24133
0.77	1.24439	1.24437
0.78	1.24743	1.24741
0.79	1.25046	1.25045
0.8	1.25349	1.25348
0.81	1.25652	1.25651
0.82	1.25955	1.25954
0.83	1.26258	1.26256
0.84	1.2656	1.26558
0.85	1.26861	1.2686
0.86	1.27163	1.27161
0.87	1.27464	1.27463
0.88	1.27765	1.27764
0.89	1.28066	1.28064
0.9	1.28366	1.28365
0.91	1.28667	1.28665
0.92	1.28966	1.28965
0.93	1.29266	1.29264
0.94	1.29565	1.29564
0.95	1.29864	1.29863
0.96	1.30163	1.30161
0.97	1.30462	1.3046
0.98	1.3076	1.30758
0.99	1.31058	1.31056
