-2.53826 -0.567387 -0.567387
-2.48357 -0.611559 -0.611556
-2.42887 -0.653917 -0.653896
-2.37417 -0.694325 -0.69428
-2.31948 -0.732656 -0.732588
-2.26478 -0.768791 -0.768704
-2.21008 -0.802621 -0.802521
-2.15539 -0.834042 -0.833938
-2.10069 -0.862961 -0.86286
-2.04599 -0.889293 -0.889202
-1.9913 -0.912959 -0.912884
-1.9366 -0.933893 -0.933836
-1.8819 -0.952032 -0.951995
-1.82721 -0.967325 -0.967306
-1.77251 -0.979727 -0.979724
-1.71782 -0.989211 -0.989212
-1.66312 -0.995739 -0.995741
-1.60842 -0.99929 -0.999292
-1.55373 -0.999854 -0.999854
-1.49903 -0.997414 -0.997426
-1.44433 -0.991987 -0.992014
-1.38964 -0.983596 -0.983635
-1.33494 -0.972268 -0.972314
-1.28024 -0.958036 -0.958085
-1.22555 -0.940944 -0.940991
-1.17085 -0.921042 -0.921082
-1.11615 -0.898388 -0.898418
-1.06146 -0.873048 -0.873067
-1.00676 -0.845097 -0.845104
-0.952064 -0.814613 -0.814614
-0.897367 -0.781684 -0.781688
-0.842671 -0.74642 -0.746423
-0.787974 -0.708924 -0.708926
-0.733278 -0.669308 -0.669308
-0.678581 -0.627687 -0.627689
-0.623885 -0.584191 -0.584192
-0.569188 -0.538938 -0.538948
-0.514492 -0.4921 -0.492092
-0.459795 -0.443861 -0.443764
-0.405099 -0.394389 -0.394109
-0.350402 -0.343849 -0.343275
-0.295705 -0.292404 -0.291415
-0.241009 -0.240212 -0.238683
-0.186312 -0.18743 -0.185236
-0.131616 -0.134212 -0.131236
-0.0769193 -0.0807068 -0.0768435
-0.0222228 -0.0270618 -0.022221
0.0324737 0.026579 0.032468
0.0871703 0.0800748 0.0870599
0.141867 0.133288 0.141391
0.196563 0.186083 0.1953
0.25126 0.238328 0.248624
0.305956 0.289895 0.301205
0.360653 0.340659 0.352885
0.415349 0.390496 0.40351
0.470046 0.439287 0.452927
0.524742 0.486916 0.50099
0.579439 0.533269 0.547555
0.634136 0.578235 0.592481
0.688832 0.621709 0.635636
0.743529 0.663584 0.676889
0.798225 0.703761 0.716118
0.852922 0.74214 0.753205
0.907618 0.778627 0.78804
0.962315 0.81313 0.820517
1.01701 0.84556 0.85054
1.07171 0.875831 0.878019
1.1264 0.90386 0.902872
1.1811 0.929567 0.925025
1.2358 0.952875 0.944411
1.29049 0.973711 0.960972
1.34519 0.992004 0.974659
1.39989 1.00769 0.985431
1.45458 1.0207 0.993255
1.50928 1.03097 0.998108
1.56398 1.03844 0.999977
1.61867 1.04307 0.998854
1.67337 1.04479 0.994744
1.72807 1.04356 0.987659
1.78276 1.03934 0.977619
1.83746 1.03207 0.964656
1.89216 1.02172 0.948807
1.94685 1.00825 0.93012
2.00155 0.991634 0.908652
2.05625 0.971831 0.884466
2.11094 0.948817 0.857634
2.16564 0.922567 0.828237
2.22033 0.893059 0.796363
2.27503 0.860274 0.762107
2.32973 0.824198 0.725572
2.38442 0.784817 0.686866
2.43912 0.742121 0.646106
2.49382 0.696105 0.603414
2.54851 0.646765 0.558916
2.60321 0.5941 0.512748
2.65791 0.538113 0.465045
2.7126 0.47881 0.415952
2.7673 0.4162 0.365614
2.822 0.350294 0.314183
2.87669 0.281108 0.261812
2.93139 0.208658 0.208658
