-4.92215 2.51819
wide: 0.0744033
N:  10
j: 1
x: -4.92215
jj: 0
:-4.92215 -4.85175 -4.92215 -4.85175
:-4.92215 -4.21505 -4.92215 -4.21505
:-4.92215 -2.11217 -4.92215 -2.11217
:-4.92215 -0.253608 -4.92215 -0.253608
 1
:-4.92215 -4.92215 -4.85175 -4.92215
:-4.92215 -4.21505 -4.85175 -4.21505
:-4.92215 -2.11217 -4.85175 -2.11217
:-4.92215 -0.253608 -4.85175 -0.253608
 0
:-4.92215 -4.92215 -4.21505 -4.92215
:-4.92215 -4.85175 -4.21505 -4.85175
:-4.92215 -2.11217 -4.21505 -2.11217
:-4.92215 -0.253608 -4.21505 -0.253608
 -0
:-4.92215 -4.92215 -2.11217 -4.92215
:-4.92215 -4.85175 -2.11217 -4.85175
:-4.92215 -4.21505 -2.11217 -4.21505
:-4.92215 -0.253608 -2.11217 -0.253608
 0
:-4.92215 -4.92215 -0.253608 -4.92215
:-4.92215 -4.85175 -0.253608 -4.85175
:-4.92215 -4.21505 -0.253608 -4.21505
:-4.92215 -2.11217 -0.253608 -2.11217
 -0
  0.978082
j: 2
x: -4.84774
jj: 0
:-4.84774 -4.85175 -4.92215 -4.85175
:-4.84774 -4.21505 -4.92215 -4.21505
:-4.84774 -2.11217 -4.92215 -2.11217
:-4.84774 -0.253608 -4.92215 -0.253608
 -0.0488077
:-4.84774 -4.92215 -4.85175 -4.92215
:-4.84774 -4.21505 -4.85175 -4.21505
:-4.84774 -2.11217 -4.85175 -2.11217
:-4.84774 -0.253608 -4.85175 -0.253608
 1.04783
:-4.84774 -4.92215 -4.21505 -4.92215
:-4.84774 -4.85175 -4.21505 -4.85175
:-4.84774 -2.11217 -4.21505 -2.11217
:-4.84774 -0.253608 -4.21505 -0.253608
 0.000999344
:-4.84774 -4.92215 -2.11217 -4.92215
:-4.84774 -4.85175 -2.11217 -4.85175
:-4.84774 -4.21505 -2.11217 -4.21505
:-4.84774 -0.253608 -2.11217 -0.253608
 -2.88108e-05
:-4.84774 -4.92215 -0.253608 -4.92215
:-4.84774 -4.85175 -0.253608 -4.85175
:-4.84774 -4.21505 -0.253608 -4.21505
:-4.84774 -2.11217 -0.253608 -2.11217
 3.26576e-06
  0.990839
j: 3
x: -4.77334
jj: 0
:-4.77334 -4.85175 -4.92215 -4.85175
:-4.77334 -4.21505 -4.92215 -4.21505
:-4.77334 -2.11217 -4.92215 -2.11217
:-4.77334 -0.253608 -4.92215 -0.253608
 -0.806342
:-4.77334 -4.92215 -4.85175 -4.92215
:-4.77334 -4.21505 -4.85175 -4.21505
:-4.77334 -2.11217 -4.85175 -2.11217
:-4.77334 -0.253608 -4.85175 -0.253608
 1.76979
:-4.77334 -4.92215 -4.21505 -4.92215
:-4.77334 -4.85175 -4.21505 -4.85175
:-4.77334 -2.11217 -4.21505 -2.11217
:-4.77334 -0.253608 -4.21505 -0.253608
 0.0374205
:-4.77334 -4.92215 -2.11217 -4.92215
:-4.77334 -4.85175 -2.11217 -4.85175
:-4.77334 -4.21505 -2.11217 -4.21505
:-4.77334 -0.253608 -2.11217 -0.253608
 -0.00097857
:-4.77334 -4.92215 -0.253608 -4.92215
:-4.77334 -4.85175 -0.253608 -4.85175
:-4.77334 -4.21505 -0.253608 -4.21505
:-4.77334 -2.11217 -0.253608 -2.11217
 0.000109682
  0.997662
j: 4
x: -4.69894
jj: 1
:-4.69894 -4.21505 -4.85175 -4.21505
:-4.69894 -2.11217 -4.85175 -2.11217
:-4.69894 -0.253608 -4.85175 -0.253608
:-4.69894 0.189411 -4.85175 0.189411
 0.672717
:-4.69894 -4.85175 -4.21505 -4.85175
:-4.69894 -2.11217 -4.21505 -2.11217
:-4.69894 -0.253608 -4.21505 -0.253608
:-4.69894 0.189411 -4.21505 0.189411
 0.3677
:-4.69894 -4.85175 -2.11217 -4.85175
:-4.69894 -4.21505 -2.11217 -4.21505
:-4.69894 -0.253608 -2.11217 -0.253608
:-4.69894 0.189411 -2.11217 0.189411
 -0.0652031
:-4.69894 -4.85175 -0.253608 -4.85175
:-4.69894 -4.21505 -0.253608 -4.21505
:-4.69894 -2.11217 -0.253608 -2.11217
:-4.69894 0.189411 -0.253608 0.189411
 0.0623431
:-4.69894 -4.85175 0.189411 -4.85175
:-4.69894 -4.21505 0.189411 -4.21505
:-4.69894 -2.11217 0.189411 -2.11217
:-4.69894 -0.253608 0.189411 -0.253608
 -0.0375573
  1.02252
j: 5
x: -4.62453
jj: 2
:-4.62453 -2.11217 -4.21505 -2.11217
:-4.62453 -0.253608 -4.21505 -0.253608
:-4.62453 0.189411 -4.21505 0.189411
:-4.62453 0.298531 -4.21505 0.298531
 1.57148
:-4.62453 -4.21505 -2.11217 -4.21505
:-4.62453 -0.253608 -2.11217 -0.253608
:-4.62453 0.189411 -2.11217 0.189411
:-4.62453 0.298531 -2.11217 0.298531
 -1.95604
:-4.62453 -4.21505 -0.253608 -4.21505
:-4.62453 -2.11217 -0.253608 -2.11217
:-4.62453 0.189411 -0.253608 0.189411
:-4.62453 0.298531 -0.253608 0.298531
 13.5378
:-4.62453 -4.21505 0.189411 -4.21505
:-4.62453 -2.11217 0.189411 -2.11217
:-4.62453 -0.253608 0.189411 -0.253608
:-4.62453 0.298531 0.189411 0.298531
 -45.1728
:-4.62453 -4.21505 0.298531 -4.21505
:-4.62453 -2.11217 0.298531 -2.11217
:-4.62453 -0.253608 0.298531 -0.253608
:-4.62453 0.189411 0.298531 0.189411
 33.0195
  0.867259
j: 6
x: -4.55013
jj: 3
:-4.55013 -0.253608 -2.11217 -0.253608
:-4.55013 0.189411 -2.11217 0.189411
:-4.55013 0.298531 -2.11217 0.298531
:-4.55013 0.412819 -2.11217 0.412819
 18.8195
:-4.55013 -2.11217 -0.253608 -2.11217
:-4.55013 0.189411 -0.253608 0.189411
:-4.55013 0.298531 -0.253608 0.298531
:-4.55013 0.412819 -0.253608 0.412819
 -917.75
:-4.55013 -2.11217 0.189411 -2.11217
:-4.55013 -0.253608 0.189411 -0.253608
:-4.55013 0.298531 0.189411 0.298531
:-4.55013 0.412819 0.189411 0.412819
 10140.4
:-4.55013 -2.11217 0.298531 -2.11217
:-4.55013 -0.253608 0.298531 -0.253608
:-4.55013 0.189411 0.298531 0.189411
:-4.55013 0.412819 0.298531 0.412819
 -14843
:-4.55013 -2.11217 0.412819 -2.11217
:-4.55013 -0.253608 0.412819 -0.253608
:-4.55013 0.189411 0.412819 0.189411
:-4.55013 0.298531 0.412819 0.298531
 5602.58
  5.50982
j: 7
x: -4.47573
jj: 4
:-4.47573 0.189411 -0.253608 0.189411
:-4.47573 0.298531 -0.253608 0.298531
:-4.47573 0.412819 -0.253608 0.412819
:-4.47573 2.22482 -0.253608 2.22482
 1805.77
:-4.47573 -0.253608 0.189411 -0.253608
:-4.47573 0.298531 0.189411 0.298531
:-4.47573 0.412819 0.189411 0.412819
:-4.47573 2.22482 0.189411 2.22482
 -30036.4
:-4.47573 -0.253608 0.298531 -0.253608
:-4.47573 0.189411 0.298531 0.189411
:-4.47573 0.412819 0.298531 0.412819
:-4.47573 2.22482 0.298531 2.22482
 48641.7
:-4.47573 -0.253608 0.412819 -0.253608
:-4.47573 0.189411 0.412819 0.189411
:-4.47573 0.298531 0.412819 0.298531
:-4.47573 2.22482 0.412819 2.22482
 -20436.1
:-4.47573 -0.253608 2.22482 -0.253608
:-4.47573 0.189411 2.22482 0.189411
:-4.47573 0.298531 2.22482 0.298531
:-4.47573 0.412819 2.22482 0.412819
 26.1078
  19.8698
j: 8
x: -4.40132
jj: 5
:-4.40132 0.298531 0.189411 0.298531
:-4.40132 0.412819 0.189411 0.412819
:-4.40132 2.22482 0.189411 2.22482
:-4.40132 2.51819 0.189411 2.51819
 8977.51
:-4.40132 0.189411 0.298531 0.189411
:-4.40132 0.412819 0.298531 0.412819
:-4.40132 2.22482 0.298531 2.22482
:-4.40132 2.51819 0.298531 2.51819
 -19003.1
:-4.40132 0.189411 0.412819 0.189411
:-4.40132 0.298531 0.412819 0.298531
:-4.40132 2.22482 0.412819 2.22482
:-4.40132 2.51819 0.412819 2.51819
 10155.8
:-4.40132 0.189411 2.22482 0.189411
:-4.40132 0.298531 2.22482 0.298531
:-4.40132 0.412819 2.22482 0.412819
:-4.40132 2.51819 2.22482 2.51819
 -344.842
:-4.40132 0.189411 2.51819 0.189411
:-4.40132 0.298531 2.51819 0.298531
:-4.40132 0.412819 2.51819 0.412819
:-4.40132 2.22482 2.51819 2.22482
 215.575
  27.7951
j: 9
x: -4.32692
jj: 6
:-4.32692 0.412819 0.298531 0.412819
:-4.32692 2.22482 0.298531 2.22482
:-4.32692 2.51819 0.298531 2.51819
:-4.32692 6.95252e-310 0.298531 6.95252e-310
 -6304.81
:-4.32692 0.298531 0.412819 0.298531
:-4.32692 2.22482 0.412819 2.22482
:-4.32692 2.51819 0.412819 2.51819
:-4.32692 6.95252e-310 0.412819 6.95252e-310
 4986.8
:-4.32692 0.298531 2.22482 0.298531
:-4.32692 0.412819 2.22482 0.412819
:-4.32692 2.51819 2.22482 2.51819
:-4.32692 6.95252e-310 2.22482 6.95252e-310
 -285.026
:-4.32692 0.298531 2.51819 0.298531
:-4.32692 0.412819 2.51819 0.412819
:-4.32692 2.22482 2.51819 2.22482
:-4.32692 6.95252e-310 2.51819 6.95252e-310
 180.026
:-4.32692 0.298531 6.95252e-310 0.298531
:-4.32692 0.412819 6.95252e-310 0.412819
:-4.32692 2.22482 6.95252e-310 2.22482
:-4.32692 2.51819 6.95252e-310 2.51819
 1424.01
  25.2137
j: 10
x: -4.25252
jj: 7
:-4.25252 2.22482 0.412819 2.22482
:-4.25252 2.51819 0.412819 2.51819
:-4.25252 6.95252e-310 0.412819 6.95252e-310
:-4.25252 2.07355e-317 0.412819 2.07355e-317
 1219.88
:-4.25252 0.412819 2.22482 0.412819
:-4.25252 2.51819 2.22482 2.51819
:-4.25252 6.95252e-310 2.22482 6.95252e-310
:-4.25252 2.07355e-317 2.22482 2.07355e-317
 -217.096
:-4.25252 0.412819 2.51819 0.412819
:-4.25252 2.22482 2.51819 2.22482
:-4.25252 6.95252e-310 2.51819 6.95252e-310
:-4.25252 2.07355e-317 2.51819 2.07355e-317
 139.528
:-4.25252 0.412819 6.95252e-310 0.412819
:-4.25252 2.22482 6.95252e-310 2.22482
:-4.25252 2.51819 6.95252e-310 2.51819
:-4.25252 2.07355e-317 6.95252e-310 2.07355e-317
 -inf
:-4.25252 0.412819 2.07355e-317 0.412819
:-4.25252 2.22482 2.07355e-317 2.22482
:-4.25252 2.51819 2.07355e-317 2.51819
:-4.25252 6.95252e-310 2.07355e-317 6.95252e-310
 inf
  -nan
j: 11
x: -4.17811
jj: 8
:-4.17811 2.51819 2.22482 2.51819
:-4.17811 6.95252e-310 2.22482 6.95252e-310
:-4.17811 2.07355e-317 2.22482 2.07355e-317
:-4.17811 4.99006e-322 2.22482 4.99006e-322
 -151.176
:-4.17811 2.22482 2.51819 2.22482
:-4.17811 6.95252e-310 2.51819 6.95252e-310
:-4.17811 2.07355e-317 2.51819 2.07355e-317
:-4.17811 4.99006e-322 2.51819 4.99006e-322
 99.6895
:-4.17811 2.22482 6.95252e-310 2.22482
:-4.17811 2.51819 6.95252e-310 2.51819
:-4.17811 2.07355e-317 6.95252e-310 2.07355e-317
:-4.17811 4.99006e-322 6.95252e-310 4.99006e-322
 inf
:-4.17811 2.22482 2.07355e-317 2.22482
:-4.17811 2.51819 2.07355e-317 2.51819
:-4.17811 6.95252e-310 2.07355e-317 6.95252e-310
:-4.17811 4.99006e-322 2.07355e-317 4.99006e-322
 -inf
:-4.17811 2.22482 4.99006e-322 2.22482
:-4.17811 2.51819 4.99006e-322 2.51819
:-4.17811 6.95252e-310 4.99006e-322 6.95252e-310
:-4.17811 2.07355e-317 4.99006e-322 2.07355e-317
 inf
  -nan
j: 12
x: -4.10371
jj: 9
:-4.10371 6.95252e-310 2.51819 6.95252e-310
:-4.10371 2.07355e-317 2.51819 2.07355e-317
:-4.10371 4.99006e-322 2.51819 4.99006e-322
:-4.10371 0 2.51819 0
 7.0527
:-4.10371 2.51819 6.95252e-310 2.51819
:-4.10371 2.07355e-317 6.95252e-310 2.07355e-317
:-4.10371 4.99006e-322 6.95252e-310 4.99006e-322
:-4.10371 0 6.95252e-310 0
 -inf
:-4.10371 2.51819 2.07355e-317 2.51819
:-4.10371 6.95252e-310 2.07355e-317 6.95252e-310
:-4.10371 4.99006e-322 2.07355e-317 4.99006e-322
:-4.10371 0 2.07355e-317 0
 inf
:-4.10371 2.51819 4.99006e-322 2.51819
:-4.10371 6.95252e-310 4.99006e-322 6.95252e-310
:-4.10371 2.07355e-317 4.99006e-322 2.07355e-317
:-4.10371 0 4.99006e-322 0
 -inf
:-4.10371 2.51819 0 2.51819
:-4.10371 6.95252e-310 0 6.95252e-310
:-4.10371 2.07355e-317 0 2.07355e-317
:-4.10371 4.99006e-322 0 4.99006e-322
 inf
  -nan
j: 13
x: -4.02931
jj: 10
:-4.02931 2.07355e-317 6.95252e-310 2.07355e-317
:-4.02931 4.99006e-322 6.95252e-310 4.99006e-322
:-4.02931 0 6.95252e-310 0
:-4.02931 4.94066e-323 6.95252e-310 4.94066e-323
 inf
:-4.02931 6.95252e-310 2.07355e-317 6.95252e-310
:-4.02931 4.99006e-322 2.07355e-317 4.99006e-322
:-4.02931 0 2.07355e-317 0
:-4.02931 4.94066e-323 2.07355e-317 4.94066e-323
 -inf
:-4.02931 6.95252e-310 4.99006e-322 6.95252e-310
:-4.02931 2.07355e-317 4.99006e-322 2.07355e-317
:-4.02931 0 4.99006e-322 0
:-4.02931 4.94066e-323 4.99006e-322 4.94066e-323
 inf
:-4.02931 6.95252e-310 0 6.95252e-310
:-4.02931 2.07355e-317 0 2.07355e-317
:-4.02931 4.99006e-322 0 4.99006e-322
:-4.02931 4.94066e-323 0 4.94066e-323
 inf
:-4.02931 6.95252e-310 4.94066e-323 6.95252e-310
:-4.02931 2.07355e-317 4.94066e-323 2.07355e-317
:-4.02931 4.99006e-322 4.94066e-323 4.99006e-322
:-4.02931 0 4.94066e-323 0
 -inf
  -nan
j: 14
x: -3.9549
jj: 11
:-3.9549 4.99006e-322 2.07355e-317 4.99006e-322
:-3.9549 0 2.07355e-317 0
:-3.9549 4.94066e-323 2.07355e-317 4.94066e-323
:-3.9549 0 2.07355e-317 0
 inf
:-3.9549 2.07355e-317 4.99006e-322 2.07355e-317
:-3.9549 0 4.99006e-322 0
:-3.9549 4.94066e-323 4.99006e-322 4.94066e-323
:-3.9549 0 4.99006e-322 0
 -inf
:-3.9549 2.07355e-317 0 2.07355e-317
:-3.9549 4.99006e-322 0 4.99006e-322
:-3.9549 4.94066e-323 0 4.94066e-323
:-3.9549 0 0 0
 -inf
:-3.9549 2.07355e-317 4.94066e-323 2.07355e-317
:-3.9549 4.99006e-322 4.94066e-323 4.99006e-322
:-3.9549 0 4.94066e-323 0
:-3.9549 0 4.94066e-323 0
 inf
:-3.9549 2.07355e-317 0 2.07355e-317
:-3.9549 4.99006e-322 0 4.99006e-322
:-3.9549 0 0 0
:-3.9549 4.94066e-323 0 4.94066e-323
 -inf
  -nan
j: 15
x: -3.8805
jj: 12
:-3.8805 0 4.99006e-322 0
:-3.8805 4.94066e-323 4.99006e-322 4.94066e-323
:-3.8805 0 4.99006e-322 0
:-3.8805 4.94066e-323 4.99006e-322 4.94066e-323
 inf
:-3.8805 4.99006e-322 0 4.99006e-322
:-3.8805 4.94066e-323 0 4.94066e-323
:-3.8805 0 0 0
:-3.8805 4.94066e-323 0 4.94066e-323
 -inf
:-3.8805 4.99006e-322 4.94066e-323 4.99006e-322
:-3.8805 0 4.94066e-323 0
:-3.8805 0 4.94066e-323 0
:-3.8805 4.94066e-323 4.94066e-323 4.94066e-323
 -inf
:-3.8805 4.99006e-322 0 4.99006e-322
:-3.8805 0 0 0
:-3.8805 4.94066e-323 0 4.94066e-323
:-3.8805 4.94066e-323 0 4.94066e-323
 -inf
:-3.8805 4.99006e-322 4.94066e-323 4.99006e-322
:-3.8805 0 4.94066e-323 0
:-3.8805 4.94066e-323 4.94066e-323 4.94066e-323
:-3.8805 0 4.94066e-323 0
 -inf
  -nan
j: 16
x: -3.8061
jj: 13
:-3.8061 4.94066e-323 0 4.94066e-323
:-3.8061 0 0 0
:-3.8061 4.94066e-323 0 4.94066e-323
:-3.8061 0 0 0
 inf
:-3.8061 0 4.94066e-323 0
:-3.8061 0 4.94066e-323 0
:-3.8061 4.94066e-323 4.94066e-323 4.94066e-323
:-3.8061 0 4.94066e-323 0
 inf
:-3.8061 0 0 0
:-3.8061 4.94066e-323 0 4.94066e-323
:-3.8061 4.94066e-323 0 4.94066e-323
:-3.8061 0 0 0
 inf
:-3.8061 0 4.94066e-323 0
:-3.8061 4.94066e-323 4.94066e-323 4.94066e-323
:-3.8061 0 4.94066e-323 0
:-3.8061 0 4.94066e-323 0
 inf
:-3.8061 0 0 0
:-3.8061 4.94066e-323 0 4.94066e-323
:-3.8061 0 0 0
:-3.8061 4.94066e-323 0 4.94066e-323
 inf
  -nan
j: 17
x: -3.73169
jj: 14
:-3.73169 0 4.94066e-323 0
:-3.73169 4.94066e-323 4.94066e-323 4.94066e-323
:-3.73169 0 4.94066e-323 0
:-3.73169 4.94066e-323 4.94066e-323 4.94066e-323
 inf
:-3.73169 4.94066e-323 0 4.94066e-323
:-3.73169 4.94066e-323 0 4.94066e-323
:-3.73169 0 0 0
:-3.73169 4.94066e-323 0 4.94066e-323
 -inf
:-3.73169 4.94066e-323 4.94066e-323 4.94066e-323
:-3.73169 0 4.94066e-323 0
:-3.73169 0 4.94066e-323 0
:-3.73169 4.94066e-323 4.94066e-323 4.94066e-323
 inf
:-3.73169 4.94066e-323 0 4.94066e-323
:-3.73169 0 0 0
:-3.73169 4.94066e-323 0 4.94066e-323
:-3.73169 4.94066e-323 0 4.94066e-323
 -inf
:-3.73169 4.94066e-323 4.94066e-323 4.94066e-323
:-3.73169 0 4.94066e-323 0
:-3.73169 4.94066e-323 4.94066e-323 4.94066e-323
:-3.73169 0 4.94066e-323 0
 inf
  -nan
j: 18
x: -3.65729
jj: 15
:-3.65729 4.94066e-323 0 4.94066e-323
:-3.65729 0 0 0
:-3.65729 4.94066e-323 0 4.94066e-323
:-3.65729 0 0 0
 inf
:-3.65729 0 4.94066e-323 0
:-3.65729 0 4.94066e-323 0
:-3.65729 4.94066e-323 4.94066e-323 4.94066e-323
:-3.65729 0 4.94066e-323 0
 inf
:-3.65729 0 0 0
:-3.65729 4.94066e-323 0 4.94066e-323
:-3.65729 4.94066e-323 0 4.94066e-323
:-3.65729 0 0 0
 inf
:-3.65729 0 4.94066e-323 0
:-3.65729 4.94066e-323 4.94066e-323 4.94066e-323
:-3.65729 0 4.94066e-323 0
:-3.65729 0 4.94066e-323 0
 inf
:-3.65729 0 0 0
:-3.65729 4.94066e-323 0 4.94066e-323
:-3.65729 0 0 0
:-3.65729 4.94066e-323 0 4.94066e-323
 inf
  -nan
j: 19
x: -3.58289
jj: 16
:-3.58289 0 4.94066e-323 0
:-3.58289 4.94066e-323 4.94066e-323 4.94066e-323
:-3.58289 0 4.94066e-323 0
:-3.58289 0 4.94066e-323 0
 inf
:-3.58289 4.94066e-323 0 4.94066e-323
:-3.58289 4.94066e-323 0 4.94066e-323
:-3.58289 0 0 0
:-3.58289 0 0 0
 inf
:-3.58289 4.94066e-323 4.94066e-323 4.94066e-323
:-3.58289 0 4.94066e-323 0
:-3.58289 0 4.94066e-323 0
:-3.58289 0 4.94066e-323 0
 inf
:-3.58289 4.94066e-323 0 4.94066e-323
:-3.58289 0 0 0
:-3.58289 4.94066e-323 0 4.94066e-323
:-3.58289 4.94066e-323 0 4.94066e-323
 -inf
:-3.58289 4.94066e-323 4.94066e-323 4.94066e-323
:-3.58289 0 0 0
:-3.58289 4.94066e-323 4.94066e-323 4.94066e-323
:-3.58289 0 0 0
 -nan
  -nan
j: 20
x: -3.50848
jj: 17
:-3.50848 4.94066e-323 0 4.94066e-323
:-3.50848 0 0 0
:-3.50848 0 0 0
:-3.50848 0 0 0
 -inf
:-3.50848 0 4.94066e-323 0
:-3.50848 0 4.94066e-323 0
:-3.50848 0 4.94066e-323 0
:-3.50848 0 4.94066e-323 0
 inf
:-3.50848 0 0 0
:-3.50848 4.94066e-323 0 4.94066e-323
:-3.50848 4.94066e-323 0 4.94066e-323
:-3.50848 0 0 0
 inf
:-3.50848 0 0 0
:-3.50848 4.94066e-323 4.94066e-323 4.94066e-323
:-3.50848 0 0 0
:-3.50848 0 0 0
 -nan
:-3.50848 0 0 0
:-3.50848 4.94066e-323 0 4.94066e-323
:-3.50848 0 0 0
:-3.50848 0 0 0
 -inf
  -nan
j: 21
x: -3.43408
jj: 18
:-3.43408 0 4.94066e-323 0
:-3.43408 0 4.94066e-323 0
:-3.43408 0 4.94066e-323 0
:-3.43408 2.12231e-313 4.94066e-323 2.12231e-313
 -inf
:-3.43408 4.94066e-323 0 4.94066e-323
:-3.43408 4.94066e-323 0 4.94066e-323
:-3.43408 0 0 0
:-3.43408 2.12231e-313 0 2.12231e-313
 -inf
:-3.43408 4.94066e-323 4.94066e-323 4.94066e-323
:-3.43408 0 0 0
:-3.43408 0 0 0
:-3.43408 2.12231e-313 2.12231e-313 2.12231e-313
 -nan
:-3.43408 4.94066e-323 0 4.94066e-323
:-3.43408 0 0 0
:-3.43408 0 0 0
:-3.43408 2.12231e-313 0 2.12231e-313
 inf
:-3.43408 4.94066e-323 2.12231e-313 4.94066e-323
:-3.43408 0 2.12231e-313 0
:-3.43408 0 2.12231e-313 0
:-3.43408 0 2.12231e-313 0
 inf
  -nan
j: 22
x: -3.35968
jj: 19
:-3.35968 -3.35968 0 -3.35968
:-3.35968 0 0 0
:-3.35968 2.12231e-313 0 2.12231e-313
:-3.35968 1.65516e-312 0 1.65516e-312
 -nan
:-3.35968 0 0 0
:-3.35968 0 0 0
:-3.35968 2.12231e-313 2.12231e-313 2.12231e-313
:-3.35968 1.65516e-312 1.65516e-312 1.65516e-312
 -nan
:-3.35968 0 0 0
:-3.35968 0 0 0
:-3.35968 2.12231e-313 0 2.12231e-313
:-3.35968 1.65516e-312 0 1.65516e-312
 inf
:-3.35968 0 2.12231e-313 0
:-3.35968 0 2.12231e-313 0
:-3.35968 0 2.12231e-313 0
:-3.35968 1.65516e-312 2.12231e-313 1.65516e-312
 -inf
:-3.35968 0 1.65516e-312 0
:-3.35968 0 1.65516e-312 0
:-3.35968 0 1.65516e-312 0
:-3.35968 2.12231e-313 1.65516e-312 2.12231e-313
 inf
  -nan
j: 23
x: -3.28527
jj: 20
:-3.28527 0 0 0
:-3.28527 2.12231e-313 2.12231e-313 2.12231e-313
:-3.28527 1.63394e-312 1.63394e-312 1.63394e-312
:-3.28527 -3.28527 -3.28527 -3.28527
 -nan
:-3.28527 -nan 0 -nan
:-3.28527 2.12231e-313 0 2.12231e-313
:-3.28527 1.63394e-312 0 1.63394e-312
:-3.28527 -3.28527 0 -3.28527
 -nan
:-3.28527 -nan 2.12231e-313 -nan
:-3.28527 0 2.12231e-313 0
:-3.28527 1.63394e-312 2.12231e-313 1.63394e-312
:-3.28527 -3.28527 2.12231e-313 -3.28527
 -nan
:-3.28527 -nan 1.63394e-312 -nan
:-3.28527 0 1.63394e-312 0
:-3.28527 2.12231e-313 1.63394e-312 2.12231e-313
:-3.28527 -3.28527 1.63394e-312 -3.28527
 -nan
:-3.28527 -nan -3.28527 -nan
:-3.28527 0 -3.28527 0
:-3.28527 2.12231e-313 -3.28527 2.12231e-313
:-3.28527 1.63394e-312 -3.28527 1.63394e-312
 -nan
  -nan
j: 24
x: -3.21087
jj: 21
:-3.21087 2.12231e-313 0 2.12231e-313
:-3.21087 1.61272e-312 0 1.61272e-312
:-3.21087 -3.21087 0 -3.21087
:-3.21087 6.95252e-310 0 6.95252e-310
 -nan
:-3.21087 0 2.12231e-313 0
:-3.21087 1.61272e-312 2.12231e-313 1.61272e-312
:-3.21087 -3.21087 2.12231e-313 -3.21087
:-3.21087 6.95252e-310 2.12231e-313 6.95252e-310
 -nan
:-3.21087 0 1.61272e-312 0
:-3.21087 2.12231e-313 1.61272e-312 2.12231e-313
:-3.21087 -3.21087 1.61272e-312 -3.21087
:-3.21087 6.95252e-310 1.61272e-312 6.95252e-310
 -nan
:-3.21087 0 -3.21087 0
:-3.21087 2.12231e-313 -3.21087 2.12231e-313
:-3.21087 1.61272e-312 -3.21087 1.61272e-312
:-3.21087 6.95252e-310 -3.21087 6.95252e-310
 1
:-3.21087 0 6.95252e-310 0
:-3.21087 2.12231e-313 6.95252e-310 2.12231e-313
:-3.21087 1.61272e-312 6.95252e-310 1.61272e-312
:-3.21087 -3.21087 6.95252e-310 -3.21087
 -nan
  -nan
j: 25
x: -3.13647
jj: 22
:-3.13647 1.5915e-312 2.12231e-313 1.5915e-312
:-3.13647 -3.13647 2.12231e-313 -3.13647
:-3.13647 6.95252e-310 2.12231e-313 6.95252e-310
:-3.13647 4.94066e-322 2.12231e-313 4.94066e-322
 -nan
:-3.13647 2.12231e-313 1.5915e-312 2.12231e-313
:-3.13647 -3.13647 1.5915e-312 -3.13647
:-3.13647 6.95252e-310 1.5915e-312 6.95252e-310
:-3.13647 4.94066e-322 1.5915e-312 4.94066e-322
 -nan
:-3.13647 2.12231e-313 -3.13647 2.12231e-313
:-3.13647 1.5915e-312 -3.13647 1.5915e-312
:-3.13647 6.95252e-310 -3.13647 6.95252e-310
:-3.13647 4.94066e-322 -3.13647 4.94066e-322
 1
:-3.13647 2.12231e-313 6.95252e-310 2.12231e-313
:-3.13647 1.5915e-312 6.95252e-310 1.5915e-312
:-3.13647 -3.13647 6.95252e-310 -3.13647
:-3.13647 4.94066e-322 6.95252e-310 4.94066e-322
 -nan
:-3.13647 2.12231e-313 4.94066e-322 2.12231e-313
:-3.13647 1.5915e-312 4.94066e-322 1.5915e-312
:-3.13647 -3.13647 4.94066e-322 -3.13647
:-3.13647 6.95252e-310 4.94066e-322 6.95252e-310
 -nan
  -nan
j: 26
x: -3.06206
jj: 23
:-3.06206 -3.06206 1.57028e-312 -3.06206
:-3.06206 6.95252e-310 1.57028e-312 6.95252e-310
:-3.06206 4.94066e-322 1.57028e-312 4.94066e-322
:-3.06206 8.49006e-314 1.57028e-312 8.49006e-314
 -nan
:-3.06206 1.57028e-312 -3.06206 1.57028e-312
:-3.06206 6.95252e-310 -3.06206 6.95252e-310
:-3.06206 4.94066e-322 -3.06206 4.94066e-322
:-3.06206 8.49006e-314 -3.06206 8.49006e-314
 1
:-3.06206 1.57028e-312 6.95252e-310 1.57028e-312
:-3.06206 -3.06206 6.95252e-310 -3.06206
:-3.06206 4.94066e-322 6.95252e-310 4.94066e-322
:-3.06206 8.49006e-314 6.95252e-310 8.49006e-314
 -nan
:-3.06206 1.57028e-312 4.94066e-322 1.57028e-312
:-3.06206 -3.06206 4.94066e-322 -3.06206
:-3.06206 6.95252e-310 4.94066e-322 6.95252e-310
:-3.06206 8.49006e-314 4.94066e-322 8.49006e-314
 -nan
:-3.06206 1.57028e-312 8.49006e-314 1.57028e-312
:-3.06206 -3.06206 8.49006e-314 -3.06206
:-3.06206 6.95252e-310 8.49006e-314 6.95252e-310
:-3.06206 4.94066e-322 8.49006e-314 4.94066e-322
 -nan
  -nan
j: 27
x: -2.98766
jj: 24
:-2.98766 6.95252e-310 -2.98766 6.95252e-310
:-2.98766 4.94066e-322 -2.98766 4.94066e-322
:-2.98766 8.49006e-314 -2.98766 8.49006e-314
:-2.98766 0.0744033 -2.98766 0.0744033
 1
:-2.98766 -2.98766 6.95252e-310 -2.98766
:-2.98766 4.94066e-322 6.95252e-310 4.94066e-322
:-2.98766 8.49006e-314 6.95252e-310 8.49006e-314
:-2.98766 0.0744033 6.95252e-310 0.0744033
 -nan
:-2.98766 -2.98766 4.94066e-322 -2.98766
:-2.98766 6.95252e-310 4.94066e-322 6.95252e-310
:-2.98766 8.49006e-314 4.94066e-322 8.49006e-314
:-2.98766 0.0744033 4.94066e-322 0.0744033
 -nan
:-2.98766 -2.98766 8.49006e-314 -2.98766
:-2.98766 6.95252e-310 8.49006e-314 6.95252e-310
:-2.98766 4.94066e-322 8.49006e-314 4.94066e-322
:-2.98766 0.0744033 8.49006e-314 0.0744033
 -nan
:-2.98766 -2.98766 0.0744033 -2.98766
:-2.98766 6.95252e-310 0.0744033 6.95252e-310
:-2.98766 4.94066e-322 0.0744033 4.94066e-322
:-2.98766 8.49006e-314 0.0744033 8.49006e-314
 -0
  -nan
j: 28
x: -2.91326
jj: 25
:-2.91326 4.94066e-322 6.95252e-310 4.94066e-322
:-2.91326 8.49006e-314 6.95252e-310 8.49006e-314
:-2.91326 0.0744033 6.95252e-310 0.0744033
:-2.91326 6.95252e-310 6.95252e-310 6.95252e-310
 inf
:-2.91326 6.95252e-310 4.94066e-322 6.95252e-310
:-2.91326 8.49006e-314 4.94066e-322 8.49006e-314
:-2.91326 0.0744033 4.94066e-322 0.0744033
:-2.91326 6.95252e-310 4.94066e-322 6.95252e-310
 inf
:-2.91326 6.95252e-310 8.49006e-314 6.95252e-310
:-2.91326 4.94066e-322 8.49006e-314 4.94066e-322
:-2.91326 0.0744033 8.49006e-314 0.0744033
:-2.91326 6.95252e-310 8.49006e-314 6.95252e-310
 -inf
:-2.91326 6.95252e-310 0.0744033 6.95252e-310
:-2.91326 4.94066e-322 0.0744033 4.94066e-322
:-2.91326 8.49006e-314 0.0744033 8.49006e-314
:-2.91326 6.95252e-310 0.0744033 6.95252e-310
 2.35042e+06
:-2.91326 6.95252e-310 6.95252e-310 6.95252e-310
:-2.91326 4.94066e-322 6.95252e-310 4.94066e-322
:-2.91326 8.49006e-314 6.95252e-310 8.49006e-314
:-2.91326 0.0744033 6.95252e-310 0.0744033
 -inf
  -nan
j: 29
x: -2.83885
jj: 26
:-2.83885 8.49006e-314 4.94066e-322 8.49006e-314
:-2.83885 0.0744033 4.94066e-322 0.0744033
:-2.83885 6.95252e-310 4.94066e-322 6.95252e-310
:-2.83885 4.44659e-323 4.94066e-322 4.44659e-323
 -inf
:-2.83885 4.94066e-322 8.49006e-314 4.94066e-322
:-2.83885 0.0744033 8.49006e-314 0.0744033
:-2.83885 6.95252e-310 8.49006e-314 6.95252e-310
:-2.83885 4.44659e-323 8.49006e-314 4.44659e-323
 inf
:-2.83885 4.94066e-322 0.0744033 4.94066e-322
:-2.83885 8.49006e-314 0.0744033 8.49006e-314
:-2.83885 6.95252e-310 0.0744033 6.95252e-310
:-2.83885 4.44659e-323 0.0744033 4.44659e-323
 2.11935e+06
:-2.83885 4.94066e-322 6.95252e-310 4.94066e-322
:-2.83885 8.49006e-314 6.95252e-310 8.49006e-314
:-2.83885 0.0744033 6.95252e-310 0.0744033
:-2.83885 4.44659e-323 6.95252e-310 4.44659e-323
 -inf
:-2.83885 4.94066e-322 4.44659e-323 4.94066e-322
:-2.83885 8.49006e-314 4.44659e-323 8.49006e-314
:-2.83885 0.0744033 4.44659e-323 0.0744033
:-2.83885 6.95252e-310 4.44659e-323 6.95252e-310
 inf
  -nan
j: 30
x: -2.76445
jj: 27
:-2.76445 0.0744033 8.49006e-314 0.0744033
:-2.76445 6.95252e-310 8.49006e-314 6.95252e-310
:-2.76445 4.44659e-323 8.49006e-314 4.44659e-323
:-2.76445 6.95252e-310 8.49006e-314 6.95252e-310
 -inf
:-2.76445 8.49006e-314 0.0744033 8.49006e-314
:-2.76445 6.95252e-310 0.0744033 6.95252e-310
:-2.76445 4.44659e-323 0.0744033 4.44659e-323
:-2.76445 6.95252e-310 0.0744033 6.95252e-310
 1.90575e+06
:-2.76445 8.49006e-314 6.95252e-310 8.49006e-314
:-2.76445 0.0744033 6.95252e-310 0.0744033
:-2.76445 4.44659e-323 6.95252e-310 4.44659e-323
:-2.76445 6.95252e-310 6.95252e-310 6.95252e-310
 inf
:-2.76445 8.49006e-314 4.44659e-323 8.49006e-314
:-2.76445 0.0744033 4.44659e-323 0.0744033
:-2.76445 6.95252e-310 4.44659e-323 6.95252e-310
:-2.76445 6.95252e-310 4.44659e-323 6.95252e-310
 inf
:-2.76445 8.49006e-314 6.95252e-310 8.49006e-314
:-2.76445 0.0744033 6.95252e-310 0.0744033
:-2.76445 6.95252e-310 6.95252e-310 6.95252e-310
:-2.76445 4.44659e-323 6.95252e-310 4.44659e-323
 -inf
  -nan
j: 31
x: -2.69005
jj: 28
:-2.69005 6.95252e-310 0.0744033 6.95252e-310
:-2.69005 4.44659e-323 0.0744033 4.44659e-323
:-2.69005 6.95252e-310 0.0744033 6.95252e-310
:-2.69005 4.44659e-323 0.0744033 4.44659e-323
 1.70872e+06
:-2.69005 0.0744033 6.95252e-310 0.0744033
:-2.69005 4.44659e-323 6.95252e-310 4.44659e-323
:-2.69005 6.95252e-310 6.95252e-310 6.95252e-310
:-2.69005 4.44659e-323 6.95252e-310 4.44659e-323
 inf
:-2.69005 0.0744033 4.44659e-323 0.0744033
:-2.69005 6.95252e-310 4.44659e-323 6.95252e-310
:-2.69005 6.95252e-310 4.44659e-323 6.95252e-310
:-2.69005 4.44659e-323 4.44659e-323 4.44659e-323
 -inf
:-2.69005 0.0744033 6.95252e-310 0.0744033
:-2.69005 6.95252e-310 6.95252e-310 6.95252e-310
:-2.69005 4.44659e-323 6.95252e-310 4.44659e-323
:-2.69005 4.44659e-323 6.95252e-310 4.44659e-323
 -inf
:-2.69005 0.0744033 4.44659e-323 0.0744033
:-2.69005 6.95252e-310 4.44659e-323 6.95252e-310
:-2.69005 4.44659e-323 4.44659e-323 4.44659e-323
:-2.69005 6.95252e-310 4.44659e-323 6.95252e-310
 -inf
  -nan
j: 32
x: -2.61564
jj: 29
:-2.61564 4.44659e-323 6.95252e-310 4.44659e-323
:-2.61564 6.95252e-310 6.95252e-310 6.95252e-310
:-2.61564 4.44659e-323 6.95252e-310 4.44659e-323
:-2.61564 7.00279e-313 6.95252e-310 7.00279e-313
 -inf
:-2.61564 6.95252e-310 4.44659e-323 6.95252e-310
:-2.61564 6.95252e-310 4.44659e-323 6.95252e-310
:-2.61564 4.44659e-323 4.44659e-323 4.44659e-323
:-2.61564 7.00279e-313 4.44659e-323 7.00279e-313
 -inf
:-2.61564 6.95252e-310 6.95252e-310 6.95252e-310
:-2.61564 4.44659e-323 6.95252e-310 4.44659e-323
:-2.61564 4.44659e-323 6.95252e-310 4.44659e-323
:-2.61564 7.00279e-313 6.95252e-310 7.00279e-313
 inf
:-2.61564 6.95252e-310 4.44659e-323 6.95252e-310
:-2.61564 4.44659e-323 4.44659e-323 4.44659e-323
:-2.61564 6.95252e-310 4.44659e-323 6.95252e-310
:-2.61564 7.00279e-313 4.44659e-323 7.00279e-313
 -inf
:-2.61564 6.95252e-310 6.154e-313 6.95252e-310
:-2.61564 4.44659e-323 6.36619e-313 4.44659e-323
:-2.61564 6.95252e-310 6.57839e-313 6.95252e-310
:-2.61564 4.44659e-323 6.79059e-313 4.44659e-323
 inf
  -nan
j: 33
x: -2.54124
jj: 30
:-2.54124 6.95252e-310 4.44659e-323 6.95252e-310
:-2.54124 4.44659e-323 4.44659e-323 4.44659e-323
:-2.54124 7.00279e-313 4.44659e-323 7.00279e-313
:-2.54124 -nan 4.44659e-323 -nan
 -nan
:-2.54124 4.44659e-323 6.95252e-310 4.44659e-323
:-2.54124 4.44659e-323 6.95252e-310 4.44659e-323
:-2.54124 7.00279e-313 6.95252e-310 7.00279e-313
:-2.54124 -nan 6.95252e-310 -nan
 -nan
:-2.54124 4.44659e-323 4.44659e-323 4.44659e-323
:-2.54124 6.95252e-310 4.44659e-323 6.95252e-310
:-2.54124 7.00279e-313 4.44659e-323 7.00279e-313
:-2.54124 -nan 4.44659e-323 -nan
 -nan
:-2.54124 4.44659e-323 6.36619e-313 4.44659e-323
:-2.54124 6.95252e-310 6.57839e-313 6.95252e-310
:-2.54124 4.44659e-323 6.79059e-313 4.44659e-323
:-2.54124 -nan 7.21499e-313 -nan
 -nan
:-2.54124 4.44659e-323 -2.54124 4.44659e-323
:-2.54124 6.95252e-310 -2.54124 6.95252e-310
:-2.54124 4.44659e-323 -2.54124 4.44659e-323
:-2.54124 7.00279e-313 -2.54124 7.00279e-313
 -2.54124
  -nan
j: 34
x: -2.46684
jj: 31
:-2.46684 4.44659e-323 6.95252e-310 4.44659e-323
:-2.46684 7.00279e-313 6.95252e-310 7.00279e-313
:-2.46684 -nan 6.95252e-310 -nan
:-2.46684 6.57819e-313 6.95252e-310 6.57819e-313
 -nan
:-2.46684 6.95252e-310 4.44659e-323 6.95252e-310
:-2.46684 7.00279e-313 4.44659e-323 7.00279e-313
:-2.46684 -nan 4.44659e-323 -nan
:-2.46684 6.57819e-313 4.44659e-323 6.57819e-313
 -nan
:-2.46684 6.95252e-310 6.57839e-313 6.95252e-310
:-2.46684 4.44659e-323 6.79059e-313 4.44659e-323
:-2.46684 -nan 7.21499e-313 -nan
:-2.46684 6.57819e-313 7.42719e-313 6.57819e-313
 -nan
:-2.46684 6.95252e-310 -2.46684 6.95252e-310
:-2.46684 4.44659e-323 -2.46684 4.44659e-323
:-2.46684 7.00279e-313 -2.46684 7.00279e-313
:-2.46684 6.57819e-313 -2.46684 6.57819e-313
 -2.46684
:-2.46684 6.95252e-310 6.57819e-313 6.95252e-310
:-2.46684 4.44659e-323 6.57819e-313 4.44659e-323
:-2.46684 7.00279e-313 6.57819e-313 7.00279e-313
:-2.46684 -nan 6.57819e-313 -nan
 -nan
  -nan
j: 35
x: -2.39243
jj: 32
:-2.39243 7.00279e-313 4.44659e-323 7.00279e-313
:-2.39243 -nan 4.44659e-323 -nan
:-2.39243 6.79039e-313 4.44659e-323 6.79039e-313
:-2.39243 2.122e-313 4.44659e-323 2.122e-313
 -nan
:-2.39243 4.44659e-323 6.79059e-313 4.44659e-323
:-2.39243 -nan 7.21499e-313 -nan
:-2.39243 6.79039e-313 7.42719e-313 6.79039e-313
:-2.39243 2.122e-313 7.63939e-313 2.122e-313
 -nan
:-2.39243 4.44659e-323 -2.39243 4.44659e-323
:-2.39243 7.00279e-313 -2.39243 7.00279e-313
:-2.39243 6.79039e-313 -2.39243 6.79039e-313
:-2.39243 2.122e-313 -2.39243 2.122e-313
 -2.39243
:-2.39243 4.44659e-323 6.79039e-313 4.44659e-323
:-2.39243 7.00279e-313 6.79039e-313 7.00279e-313
:-2.39243 -nan 6.79039e-313 -nan
:-2.39243 2.122e-313 6.79039e-313 2.122e-313
 -nan
:-2.39243 4.44659e-323 2.122e-313 4.44659e-323
:-2.39243 7.00279e-313 2.122e-313 7.00279e-313
:-2.39243 -nan 2.122e-313 -nan
:-2.39243 6.79039e-313 2.122e-313 6.79039e-313
 -nan
  -nan
j: 36
x: -2.31803
jj: 33
:-2.31803 3.31803 7.21499e-313 3.31803
:-2.31803 7.00259e-313 7.42719e-313 7.00259e-313
:-2.31803 2.122e-313 7.63939e-313 2.122e-313
:-2.31803 2.51819 7.85159e-313 2.51819
 inf
:-2.31803 7.00279e-313 -2.31803 7.00279e-313
:-2.31803 7.00259e-313 -2.31803 7.00259e-313
:-2.31803 2.122e-313 -2.31803 2.122e-313
:-2.31803 2.51819 -2.31803 2.51819
 -2.31803
:-2.31803 7.00279e-313 7.00259e-313 7.00279e-313
:-2.31803 -nan 7.00259e-313 -nan
:-2.31803 2.122e-313 7.00259e-313 2.122e-313
:-2.31803 2.51819 7.00259e-313 2.51819
 -nan
:-2.31803 7.00279e-313 2.122e-313 7.00279e-313
:-2.31803 -nan 2.122e-313 -nan
:-2.31803 7.00259e-313 2.122e-313 7.00259e-313
:-2.31803 2.51819 2.122e-313 2.51819
 -nan
:-2.31803 7.00279e-313 2.51819 7.00279e-313
:-2.31803 0.374104 2.51819 0.374104
:-2.31803 7.00259e-313 2.51819 7.00259e-313
:-2.31803 2.122e-313 2.51819 2.122e-313
 0.316997
  -nan
j: 37
x: -2.24363
jj: 34
:-2.24363 7.21479e-313 -2.24363 7.21479e-313
:-2.24363 2.122e-313 -2.24363 2.122e-313
:-2.24363 2.51819 -2.24363 2.51819
:-2.24363 -4.92215 -2.24363 -4.92215
 -2.24363
:-2.24363 3.24363 7.21479e-313 3.24363
:-2.24363 2.122e-313 7.21479e-313 2.122e-313
:-2.24363 2.51819 7.21479e-313 2.51819
:-2.24363 -4.92215 7.21479e-313 -4.92215
 -inf
:-2.24363 3.24363 2.122e-313 3.24363
:-2.24363 7.21479e-313 2.122e-313 7.21479e-313
:-2.24363 2.51819 2.122e-313 2.51819
:-2.24363 -4.92215 2.122e-313 -4.92215
 inf
:-2.24363 -2.13651 2.51819 -2.13651
:-2.24363 7.21479e-313 2.51819 7.21479e-313
:-2.24363 2.122e-313 2.51819 2.122e-313
:-2.24363 -4.92215 2.51819 -4.92215
 -0.610568
:-2.24363 0.547711 -4.92215 0.547711
:-2.24363 7.21479e-313 -4.92215 7.21479e-313
:-2.24363 2.122e-313 -4.92215 2.122e-313
:-2.24363 2.51819 -4.92215 2.51819
 0.0728323
  -inf
j: 38
x: -2.16922
jj: 35
:-2.16922 2.122e-313 7.42699e-313 2.122e-313
:-2.16922 2.51819 7.42699e-313 2.51819
:-2.16922 -4.92215 7.42699e-313 -4.92215
:-2.16922 2.1222e-313 7.42699e-313 2.1222e-313
 inf
:-2.16922 7.42699e-313 2.122e-313 7.42699e-313
:-2.16922 2.51819 2.122e-313 2.51819
:-2.16922 -4.92215 2.122e-313 -4.92215
:-2.16922 2.1222e-313 2.122e-313 2.1222e-313
 inf
:-2.16922 7.42699e-313 2.51819 7.42699e-313
:-2.16922 2.122e-313 2.51819 2.122e-313
:-2.16922 -4.92215 2.51819 -4.92215
:-2.16922 2.1222e-313 2.51819 2.1222e-313
 -0.236511
:-2.16922 7.42699e-313 -4.92215 7.42699e-313
:-2.16922 2.122e-313 -4.92215 2.122e-313
:-2.16922 2.51819 -4.92215 2.51819
:-2.16922 2.1222e-313 -4.92215 2.1222e-313
 0.053925
:-2.16922 7.42699e-313 2.1222e-313 7.42699e-313
:-2.16922 2.122e-313 2.1222e-313 2.122e-313
:-2.16922 2.51819 2.1222e-313 2.51819
:-2.16922 -4.92215 2.1222e-313 -4.92215
 -inf
  -nan
j: 39
x: -2.09482
jj: 36
:-2.09482 2.51819 2.122e-313 2.51819
:-2.09482 -4.92215 2.122e-313 -4.92215
:-2.09482 2.1222e-313 2.122e-313 2.1222e-313
:-2.09482 4.94066e-324 2.122e-313 4.94066e-324
 -inf
:-2.09482 2.122e-313 2.51819 2.122e-313
:-2.09482 -4.92215 2.51819 -4.92215
:-2.09482 2.1222e-313 2.51819 2.1222e-313
:-2.09482 4.94066e-324 2.51819 4.94066e-324
 -0.218756
:-2.09482 2.122e-313 -4.92215 2.122e-313
:-2.09482 2.51819 -4.92215 2.51819
:-2.09482 2.1222e-313 -4.92215 2.1222e-313
:-2.09482 4.94066e-324 -4.92215 4.94066e-324
 0.0477934
:-2.09482 2.122e-313 2.1222e-313 2.122e-313
:-2.09482 2.51819 2.1222e-313 2.51819
:-2.09482 -4.92215 2.1222e-313 -4.92215
:-2.09482 4.94066e-324 2.1222e-313 4.94066e-324
 inf
:-2.09482 2.122e-313 4.94066e-324 2.122e-313
:-2.09482 2.51819 4.94066e-324 2.51819
:-2.09482 -4.92215 4.94066e-324 -4.92215
:-2.09482 2.1222e-313 4.94066e-324 2.1222e-313
 inf
  inf
j: 40
x: -2.02042
jj: 37
:-2.02042 -4.92215 2.51819 -4.92215
:-2.02042 2.1222e-313 2.51819 2.1222e-313
:-2.02042 4.94066e-324 2.51819 4.94066e-324
:-2.02042 0 2.51819 0
 -0.20143
:-2.02042 2.51819 -4.92215 2.51819
:-2.02042 2.1222e-313 -4.92215 2.1222e-313
:-2.02042 4.94066e-324 -4.92215 4.94066e-324
:-2.02042 0 -4.92215 0
 0.042188
:-2.02042 2.51819 2.1222e-313 2.51819
:-2.02042 -4.92215 2.1222e-313 -4.92215
:-2.02042 4.94066e-324 2.1222e-313 4.94066e-324
:-2.02042 0 2.1222e-313 0
 inf
:-2.02042 2.51819 4.94066e-324 2.51819
:-2.02042 -4.92215 4.94066e-324 -4.92215
:-2.02042 2.1222e-313 4.94066e-324 2.1222e-313
:-2.02042 0 4.94066e-324 0
 -inf
:-2.02042 2.51819 0 2.51819
:-2.02042 -4.92215 0 -4.92215
:-2.02042 2.1222e-313 0 2.1222e-313
:-2.02042 4.94066e-324 0 4.94066e-324
 inf
  -nan
j: 41
x: -1.94601
jj: 38
:-1.94601 2.1222e-313 -4.92215 2.1222e-313
:-1.94601 4.94066e-324 -4.92215 4.94066e-324
:-1.94601 0 -4.92215 0
:-1.94601 2.07337e-317 -4.92215 2.07337e-317
 0.0244323
:-1.94601 -4.92215 2.1222e-313 -4.92215
:-1.94601 4.94066e-324 2.1222e-313 4.94066e-324
:-1.94601 0 2.1222e-313 0
:-1.94601 2.07337e-317 2.1222e-313 2.07337e-317
 -inf
:-1.94601 -4.92215 4.94066e-324 -4.92215
:-1.94601 2.1222e-313 4.94066e-324 2.1222e-313
:-1.94601 0 4.94066e-324 0
:-1.94601 2.07337e-317 4.94066e-324 2.07337e-317
 -inf
:-1.94601 -4.92215 0 -4.92215
:-1.94601 2.1222e-313 0 2.1222e-313
:-1.94601 4.94066e-324 0 4.94066e-324
:-1.94601 2.07337e-317 0 2.07337e-317
 inf
:-1.94601 -4.92215 2.07337e-317 -4.92215
:-1.94601 2.1222e-313 2.07337e-317 2.1222e-313
:-1.94601 4.94066e-324 2.07337e-317 4.94066e-324
:-1.94601 0 2.07337e-317 0
 inf
  -nan
j: 42
x: -1.87161
jj: 39
:-1.87161 4.94066e-324 2.1222e-313 4.94066e-324
:-1.87161 0 2.1222e-313 0
:-1.87161 2.07337e-317 2.1222e-313 2.07337e-317
:-1.87161 6.95252e-310 2.1222e-313 6.95252e-310
 -inf
:-1.87161 2.1222e-313 4.94066e-324 2.1222e-313
:-1.87161 0 4.94066e-324 0
:-1.87161 2.07337e-317 4.94066e-324 2.07337e-317
:-1.87161 6.95252e-310 4.94066e-324 6.95252e-310
 -inf
:-1.87161 2.1222e-313 0 2.1222e-313
:-1.87161 4.94066e-324 0 4.94066e-324
:-1.87161 2.07337e-317 0 2.07337e-317
:-1.87161 6.95252e-310 0 6.95252e-310
 inf
:-1.87161 2.1222e-313 2.07337e-317 2.1222e-313
:-1.87161 4.94066e-324 2.07337e-317 4.94066e-324
:-1.87161 0 2.07337e-317 0
:-1.87161 6.95252e-310 2.07337e-317 6.95252e-310
 inf
:-1.87161 2.1222e-313 6.95252e-310 2.1222e-313
:-1.87161 4.94066e-324 6.95252e-310 4.94066e-324
:-1.87161 0 6.95252e-310 0
:-1.87161 2.07337e-317 6.95252e-310 2.07337e-317
 inf
  -nan
j: 43
x: -1.79721
jj: 40
:-1.79721 0 4.94066e-324 0
:-1.79721 2.07337e-317 4.94066e-324 2.07337e-317
:-1.79721 6.95252e-310 4.94066e-324 6.95252e-310
:-1.79721 0 4.94066e-324 0
 inf
:-1.79721 4.94066e-324 0 4.94066e-324
:-1.79721 2.07337e-317 0 2.07337e-317
:-1.79721 6.95252e-310 0 6.95252e-310
:-1.79721 0 0 0
 -inf
:-1.79721 4.94066e-324 2.07337e-317 4.94066e-324
:-1.79721 0 2.07337e-317 0
:-1.79721 6.95252e-310 2.07337e-317 6.95252e-310
:-1.79721 0 2.07337e-317 0
 -inf
:-1.79721 4.94066e-324 6.95252e-310 4.94066e-324
:-1.79721 0 6.95252e-310 0
:-1.79721 2.07337e-317 6.95252e-310 2.07337e-317
:-1.79721 0 6.95252e-310 0
 inf
:-1.79721 4.94066e-324 0 4.94066e-324
:-1.79721 0 0 0
:-1.79721 2.07337e-317 0 2.07337e-317
:-1.79721 6.95252e-310 0 6.95252e-310
 -inf
  -nan
j: 44
x: -1.7228
jj: 41
:-1.7228 2.07337e-317 0 2.07337e-317
:-1.7228 6.95252e-310 0 6.95252e-310
:-1.7228 0 0 0
:-1.7228 0 0 0
 inf
:-1.7228 0 2.07337e-317 0
:-1.7228 6.95252e-310 2.07337e-317 6.95252e-310
:-1.7228 0 2.07337e-317 0
:-1.7228 0 2.07337e-317 0
 -inf
:-1.7228 0 6.95252e-310 0
:-1.7228 2.07337e-317 6.95252e-310 2.07337e-317
:-1.7228 0 6.95252e-310 0
:-1.7228 0 6.95252e-310 0
 inf
:-1.7228 0 0 0
:-1.7228 2.07337e-317 0 2.07337e-317
:-1.7228 6.95252e-310 0 6.95252e-310
:-1.7228 0 0 0
 inf
:-1.7228 0 0 0
:-1.7228 2.07337e-317 0 2.07337e-317
:-1.7228 6.95252e-310 0 6.95252e-310
:-1.7228 0 0 0
 inf
  -nan
j: 45
x: -1.6484
jj: 42
:-1.6484 6.95252e-310 2.07337e-317 6.95252e-310
:-1.6484 0 2.07337e-317 0
:-1.6484 0 2.07337e-317 0
:-1.6484 0 2.07337e-317 0
 -inf
:-1.6484 2.07337e-317 6.95252e-310 2.07337e-317
:-1.6484 0 6.95252e-310 0
:-1.6484 0 6.95252e-310 0
:-1.6484 0 6.95252e-310 0
 inf
:-1.6484 2.07337e-317 0 2.07337e-317
:-1.6484 6.95252e-310 0 6.95252e-310
:-1.6484 0 0 0
:-1.6484 0 0 0
 inf
:-1.6484 2.07337e-317 0 2.07337e-317
:-1.6484 6.95252e-310 0 6.95252e-310
:-1.6484 0 0 0
:-1.6484 0 0 0
 inf
:-1.6484 2.07337e-317 0 2.07337e-317
:-1.6484 6.95252e-310 0 6.95252e-310
:-1.6484 0 0 0
:-1.6484 0 0 0
 inf
  -nan
j: 46
x: -1.574
jj: 43
:-1.574 0 6.95252e-310 0
:-1.574 0 6.95252e-310 0
:-1.574 0 6.95252e-310 0
:-1.574 6.94917e-310 6.95252e-310 6.94917e-310
 inf
:-1.574 6.95252e-310 0 6.95252e-310
:-1.574 0 0 0
:-1.574 0 0 0
:-1.574 6.94917e-310 0 6.94917e-310
 inf
:-1.574 6.95252e-310 0 6.95252e-310
:-1.574 0 0 0
:-1.574 0 0 0
:-1.574 6.94917e-310 0 6.94917e-310
 inf
:-1.574 6.95252e-310 0 6.95252e-310
:-1.574 0 0 0
:-1.574 0 0 0
:-1.574 6.94917e-310 0 6.94917e-310
 inf
:-1.574 6.95252e-310 6.94917e-310 6.95252e-310
:-1.574 0 6.94917e-310 0
:-1.574 0 6.94917e-310 0
:-1.574 0 6.94917e-310 0
 -inf
  -nan
j: 47
x: -1.49959
jj: 44
:-1.49959 0 0 0
:-1.49959 0 0 0
:-1.49959 6.94917e-310 0 6.94917e-310
:-1.49959 0 0 0
 -inf
:-1.49959 0 0 0
:-1.49959 0 0 0
:-1.49959 6.94917e-310 0 6.94917e-310
:-1.49959 0 0 0
 -inf
:-1.49959 0 0 0
:-1.49959 0 0 0
:-1.49959 6.94917e-310 0 6.94917e-310
:-1.49959 0 0 0
 -inf
:-1.49959 0 6.94917e-310 0
:-1.49959 0 6.94917e-310 0
:-1.49959 0 6.94917e-310 0
:-1.49959 0 6.94917e-310 0
 inf
:-1.49959 0 0 0
:-1.49959 0 0 0
:-1.49959 0 0 0
:-1.49959 6.94917e-310 0 6.94917e-310
 -inf
  -nan
j: 48
x: -1.42519
jj: 45
:-1.42519 0 0 0
:-1.42519 6.94917e-310 0 6.94917e-310
:-1.42519 0 0 0
:-1.42519 6.95252e-310 0 6.95252e-310
 inf
:-1.42519 0 0 0
:-1.42519 6.94917e-310 0 6.94917e-310
:-1.42519 0 0 0
:-1.42519 6.95252e-310 0 6.95252e-310
 inf
:-1.42519 0 6.94917e-310 0
:-1.42519 0 6.94917e-310 0
:-1.42519 0 6.94917e-310 0
:-1.42519 6.95252e-310 6.94917e-310 6.95252e-310
 -inf
:-1.42519 0 0 0
:-1.42519 0 0 0
:-1.42519 6.94917e-310 0 6.94917e-310
:-1.42519 6.95252e-310 0 6.95252e-310
 inf
:-1.42519 0 6.95252e-310 0
:-1.42519 0 6.95252e-310 0
:-1.42519 6.94917e-310 6.95252e-310 6.94917e-310
:-1.42519 0 6.95252e-310 0
 inf
  -nan
j: 49
x: -1.35079
jj: 46
:-1.35079 6.94917e-310 0 6.94917e-310
:-1.35079 0 0 0
:-1.35079 6.95252e-310 0 6.95252e-310
:-1.35079 2.122e-314 0 2.122e-314
 -inf
:-1.35079 0 6.94917e-310 0
:-1.35079 0 6.94917e-310 0
:-1.35079 6.95252e-310 6.94917e-310 6.95252e-310
:-1.35079 2.122e-314 6.94917e-310 2.122e-314
 -inf
:-1.35079 0 0 0
:-1.35079 6.94917e-310 0 6.94917e-310
:-1.35079 6.95252e-310 0 6.95252e-310
:-1.35079 2.122e-314 0 2.122e-314
 -inf
:-1.35079 0 6.95252e-310 0
:-1.35079 6.94917e-310 6.95252e-310 6.94917e-310
:-1.35079 0 6.95252e-310 0
:-1.35079 2.122e-314 6.95252e-310 2.122e-314
 inf
:-1.35079 0 2.122e-314 0
:-1.35079 6.94917e-310 2.122e-314 6.94917e-310
:-1.35079 0 2.122e-314 0
:-1.35079 6.95252e-310 2.122e-314 6.95252e-310
 inf
  -nan
j: 50
x: -1.27638
jj: 47
:-1.27638 0 6.94917e-310 0
:-1.27638 6.95252e-310 6.94917e-310 6.95252e-310
:-1.27638 2.122e-314 6.94917e-310 2.122e-314
:-1.27638 2.07353e-317 6.94917e-310 2.07353e-317
 -inf
:-1.27638 6.94917e-310 0 6.94917e-310
:-1.27638 6.95252e-310 0 6.95252e-310
:-1.27638 2.122e-314 0 2.122e-314
:-1.27638 2.07353e-317 0 2.07353e-317
 inf
:-1.27638 6.94917e-310 6.95252e-310 6.94917e-310
:-1.27638 0 6.95252e-310 0
:-1.27638 2.122e-314 6.95252e-310 2.122e-314
:-1.27638 2.07353e-317 6.95252e-310 2.07353e-317
 inf
:-1.27638 6.94917e-310 2.122e-314 6.94917e-310
:-1.27638 0 2.122e-314 0
:-1.27638 6.95252e-310 2.122e-314 6.95252e-310
:-1.27638 2.07353e-317 2.122e-314 2.07353e-317
 inf
:-1.27638 6.94917e-310 2.07353e-317 6.94917e-310
:-1.27638 0 2.07353e-317 0
:-1.27638 6.95252e-310 2.07353e-317 6.95252e-310
:-1.27638 2.122e-314 2.07353e-317 2.122e-314
 -inf
  -nan
j: 51
x: -1.20198
jj: 48
:-1.20198 6.95252e-310 0 6.95252e-310
:-1.20198 2.122e-314 0 2.122e-314
:-1.20198 2.07353e-317 0 2.07353e-317
:-1.20198 0 0 0
 -inf
:-1.20198 0 6.95252e-310 0
:-1.20198 2.122e-314 6.95252e-310 2.122e-314
:-1.20198 2.07353e-317 6.95252e-310 2.07353e-317
:-1.20198 0 6.95252e-310 0
 inf
:-1.20198 0 2.122e-314 0
:-1.20198 6.95252e-310 2.122e-314 6.95252e-310
:-1.20198 2.07353e-317 2.122e-314 2.07353e-317
:-1.20198 0 2.122e-314 0
 -inf
:-1.20198 0 2.07353e-317 0
:-1.20198 6.95252e-310 2.07353e-317 6.95252e-310
:-1.20198 2.122e-314 2.07353e-317 2.122e-314
:-1.20198 0 2.07353e-317 0
 inf
:-1.20198 0 0 0
:-1.20198 6.95252e-310 0 6.95252e-310
:-1.20198 2.122e-314 0 2.122e-314
:-1.20198 2.07353e-317 0 2.07353e-317
 -inf
  -nan
j: 52
x: -1.12758
jj: 49
:-1.12758 2.122e-314 6.95252e-310 2.122e-314
:-1.12758 2.07353e-317 6.95252e-310 2.07353e-317
:-1.12758 0 6.95252e-310 0
:-1.12758 2.65481e+301 6.95252e-310 2.65481e+301
 -inf
:-1.12758 6.95252e-310 2.122e-314 6.95252e-310
:-1.12758 2.07353e-317 2.122e-314 2.07353e-317
:-1.12758 0 2.122e-314 0
:-1.12758 2.65481e+301 2.122e-314 2.65481e+301
 inf
:-1.12758 6.95252e-310 2.07353e-317 6.95252e-310
:-1.12758 2.122e-314 2.07353e-317 2.122e-314
:-1.12758 0 2.07353e-317 0
:-1.12758 2.65481e+301 2.07353e-317 2.65481e+301
 -inf
:-1.12758 6.95252e-310 0 6.95252e-310
:-1.12758 2.122e-314 0 2.122e-314
:-1.12758 2.07353e-317 0 2.07353e-317
:-1.12758 2.65481e+301 0 2.65481e+301
 inf
:-1.12758 6.95252e-310 2.65481e+301 6.95252e-310
:-1.12758 2.122e-314 2.65481e+301 2.122e-314
:-1.12758 2.07353e-317 2.65481e+301 2.07353e-317
:-1.12758 0 2.65481e+301 0
 0
  -nan
j: 53
x: -1.05317
jj: 50
:-1.05317 2.07353e-317 2.122e-314 2.07353e-317
:-1.05317 0 2.122e-314 0
:-1.05317 2.65481e+301 2.122e-314 2.65481e+301
:-1.05317 2.07337e-317 2.122e-314 2.07337e-317
 -inf
:-1.05317 2.122e-314 2.07353e-317 2.122e-314
:-1.05317 0 2.07353e-317 0
:-1.05317 2.65481e+301 2.07353e-317 2.65481e+301
:-1.05317 2.07337e-317 2.07353e-317 2.07337e-317
 inf
:-1.05317 2.122e-314 0 2.122e-314
:-1.05317 2.07353e-317 0 2.07353e-317
:-1.05317 2.65481e+301 0 2.65481e+301
:-1.05317 2.07337e-317 0 2.07337e-317
 inf
:-1.05317 2.122e-314 2.65481e+301 2.122e-314
:-1.05317 2.07353e-317 2.65481e+301 2.07353e-317
:-1.05317 0 2.65481e+301 0
:-1.05317 2.07337e-317 2.65481e+301 2.07337e-317
 0
:-1.05317 2.122e-314 2.07337e-317 2.122e-314
:-1.05317 2.07353e-317 2.07337e-317 2.07353e-317
:-1.05317 0 2.07337e-317 0
:-1.05317 2.65481e+301 2.07337e-317 2.65481e+301
 -inf
  -nan
j: 54
x: -0.97877
jj: 51
:-0.97877 0 2.07353e-317 0
:-0.97877 2.65481e+301 2.07353e-317 2.65481e+301
:-0.97877 2.07337e-317 2.07353e-317 2.07337e-317
:-0.97877 6.95252e-310 2.07353e-317 6.95252e-310
 inf
:-0.97877 2.07353e-317 0 2.07353e-317
:-0.97877 2.65481e+301 0 2.65481e+301
:-0.97877 2.07337e-317 0 2.07337e-317
:-0.97877 6.95252e-310 0 6.95252e-310
 inf
:-0.97877 2.07353e-317 2.65481e+301 2.07353e-317
:-0.97877 0 2.65481e+301 0
:-0.97877 2.07337e-317 2.65481e+301 2.07337e-317
:-0.97877 6.95252e-310 2.65481e+301 6.95252e-310
 0
:-0.97877 2.07353e-317 2.07337e-317 2.07353e-317
:-0.97877 0 2.07337e-317 0
:-0.97877 2.65481e+301 2.07337e-317 2.65481e+301
:-0.97877 6.95252e-310 2.07337e-317 6.95252e-310
 -inf
:-0.97877 2.07353e-317 6.95252e-310 2.07353e-317
:-0.97877 0 6.95252e-310 0
:-0.97877 2.65481e+301 6.95252e-310 2.65481e+301
:-0.97877 2.07337e-317 6.95252e-310 2.07337e-317
 -inf
  -nan
j: 55
x: -0.904367
jj: 52
:-0.904367 2.65481e+301 0 2.65481e+301
:-0.904367 2.07337e-317 0 2.07337e-317
:-0.904367 6.95252e-310 0 6.95252e-310
:-0.904367 0 0 0
 -inf
:-0.904367 0 2.65481e+301 0
:-0.904367 2.07337e-317 2.65481e+301 2.07337e-317
:-0.904367 6.95252e-310 2.65481e+301 6.95252e-310
:-0.904367 0 2.65481e+301 0
 0
:-0.904367 0 2.07337e-317 0
:-0.904367 2.65481e+301 2.07337e-317 2.65481e+301
:-0.904367 6.95252e-310 2.07337e-317 6.95252e-310
:-0.904367 0 2.07337e-317 0
 inf
:-0.904367 0 6.95252e-310 0
:-0.904367 2.65481e+301 6.95252e-310 2.65481e+301
:-0.904367 2.07337e-317 6.95252e-310 2.07337e-317
:-0.904367 0 6.95252e-310 0
 -inf
:-0.904367 0 0 0
:-0.904367 2.65481e+301 0 2.65481e+301
:-0.904367 2.07337e-317 0 2.07337e-317
:-0.904367 6.95252e-310 0 6.95252e-310
 -inf
  -nan
j: 56
x: -0.829963
jj: 53
:-0.829963 2.07337e-317 2.65481e+301 2.07337e-317
:-0.829963 6.95252e-310 2.65481e+301 6.95252e-310
:-0.829963 0 2.65481e+301 0
:-0.829963 0 2.65481e+301 0
 0
:-0.829963 2.65481e+301 2.07337e-317 2.65481e+301
:-0.829963 6.95252e-310 2.07337e-317 6.95252e-310
:-0.829963 0 2.07337e-317 0
:-0.829963 0 2.07337e-317 0
 inf
:-0.829963 2.65481e+301 6.95252e-310 2.65481e+301
:-0.829963 2.07337e-317 6.95252e-310 2.07337e-317
:-0.829963 0 6.95252e-310 0
:-0.829963 0 6.95252e-310 0
 -inf
:-0.829963 2.65481e+301 0 2.65481e+301
:-0.829963 2.07337e-317 0 2.07337e-317
:-0.829963 6.95252e-310 0 6.95252e-310
:-0.829963 0 0 0
 -inf
:-0.829963 2.65481e+301 0 2.65481e+301
:-0.829963 2.07337e-317 0 2.07337e-317
:-0.829963 6.95252e-310 0 6.95252e-310
:-0.829963 0 0 0
 -inf
  -nan
j: 57
x: -0.75556
jj: 54
:-0.75556 6.95252e-310 2.07337e-317 6.95252e-310
:-0.75556 0 2.07337e-317 0
:-0.75556 0 2.07337e-317 0
:-0.75556 -1.61988e-301 2.07337e-317 -1.61988e-301
 -inf
:-0.75556 2.07337e-317 6.95252e-310 2.07337e-317
:-0.75556 0 6.95252e-310 0
:-0.75556 0 6.95252e-310 0
:-0.75556 -1.61988e-301 6.95252e-310 -1.61988e-301
 inf
:-0.75556 2.07337e-317 0 2.07337e-317
:-0.75556 6.95252e-310 0 6.95252e-310
:-0.75556 0 0 0
:-0.75556 -1.61988e-301 0 -1.61988e-301
 inf
:-0.75556 2.07337e-317 0 2.07337e-317
:-0.75556 6.95252e-310 0 6.95252e-310
:-0.75556 0 0 0
:-0.75556 -1.61988e-301 0 -1.61988e-301
 inf
:-0.75556 2.07337e-317 -1.61988e-301 2.07337e-317
:-0.75556 6.95252e-310 -1.61988e-301 6.95252e-310
:-0.75556 0 -1.61988e-301 0
:-0.75556 0 -1.61988e-301 0
 inf
  -nan
j: 58
x: -0.681157
jj: 55
:-0.681157 0 6.95252e-310 0
:-0.681157 0 6.95252e-310 0
:-0.681157 -1.61988e-301 6.95252e-310 -1.61988e-301
:-0.681157 -3.98813e-302 6.95252e-310 -3.98813e-302
 inf
:-0.681157 6.95252e-310 0 6.95252e-310
:-0.681157 0 0 0
:-0.681157 -1.61988e-301 0 -1.61988e-301
:-0.681157 -3.98813e-302 0 -3.98813e-302
 -inf
:-0.681157 6.95252e-310 0 6.95252e-310
:-0.681157 0 0 0
:-0.681157 -1.61988e-301 0 -1.61988e-301
:-0.681157 -3.98813e-302 0 -3.98813e-302
 -inf
:-0.681157 6.95252e-310 -1.61988e-301 6.95252e-310
:-0.681157 0 -1.61988e-301 0
:-0.681157 0 -1.61988e-301 0
:-0.681157 -3.98813e-302 -1.61988e-301 -3.98813e-302
 inf
:-0.681157 6.95252e-310 -3.98813e-302 6.95252e-310
:-0.681157 0 -3.98813e-302 0
:-0.681157 0 -3.98813e-302 0
:-0.681157 -1.61988e-301 -3.98813e-302 -1.61988e-301
 -inf
  -nan
j: 59
x: -0.606753
jj: 56
:-0.606753 0 0 0
:-0.606753 -1.61988e-301 0 -1.61988e-301
:-0.606753 -3.98813e-302 0 -3.98813e-302
:-0.606753 0 0 0
 inf
:-0.606753 0 0 0
:-0.606753 -1.61988e-301 0 -1.61988e-301
:-0.606753 -3.98813e-302 0 -3.98813e-302
:-0.606753 0 0 0
 inf
:-0.606753 0 -1.61988e-301 0
:-0.606753 0 -1.61988e-301 0
:-0.606753 -3.98813e-302 -1.61988e-301 -3.98813e-302
:-0.606753 0 -1.61988e-301 0
 inf
:-0.606753 0 -3.98813e-302 0
:-0.606753 0 -3.98813e-302 0
:-0.606753 -1.61988e-301 -3.98813e-302 -1.61988e-301
:-0.606753 0 -3.98813e-302 0
 -inf
:-0.606753 0 0 0
:-0.606753 0 0 0
:-0.606753 -1.61988e-301 0 -1.61988e-301
:-0.606753 -3.98813e-302 0 -3.98813e-302
 inf
  -nan
j: 60
x: -0.53235
jj: 57
:-0.53235 -1.61988e-301 0 -1.61988e-301
:-0.53235 -3.98813e-302 0 -3.98813e-302
:-0.53235 0 0 0
:-0.53235 0 0 0
 inf
:-0.53235 0 -1.61988e-301 0
:-0.53235 -3.98813e-302 -1.61988e-301 -3.98813e-302
:-0.53235 0 -1.61988e-301 0
:-0.53235 0 -1.61988e-301 0
 inf
:-0.53235 0 -3.98813e-302 0
:-0.53235 -1.61988e-301 -3.98813e-302 -1.61988e-301
:-0.53235 0 -3.98813e-302 0
:-0.53235 0 -3.98813e-302 0
 -inf
:-0.53235 0 0 0
:-0.53235 -1.61988e-301 0 -1.61988e-301
:-0.53235 -3.98813e-302 0 -3.98813e-302
:-0.53235 0 0 0
 inf
:-0.53235 0 0 0
:-0.53235 -1.61988e-301 0 -1.61988e-301
:-0.53235 -3.98813e-302 0 -3.98813e-302
:-0.53235 0 0 0
 inf
  -nan
j: 61
x: -0.457947
jj: 58
:-0.457947 -3.98813e-302 -1.61988e-301 -3.98813e-302
:-0.457947 0 -1.61988e-301 0
:-0.457947 0 -1.61988e-301 0
:-0.457947 0 -1.61988e-301 0
 inf
:-0.457947 -1.61988e-301 -3.98813e-302 -1.61988e-301
:-0.457947 0 -3.98813e-302 0
:-0.457947 0 -3.98813e-302 0
:-0.457947 0 -3.98813e-302 0
 -inf
:-0.457947 -1.61988e-301 0 -1.61988e-301
:-0.457947 -3.98813e-302 0 -3.98813e-302
:-0.457947 0 0 0
:-0.457947 0 0 0
 inf
:-0.457947 -1.61988e-301 0 -1.61988e-301
:-0.457947 -3.98813e-302 0 -3.98813e-302
:-0.457947 0 0 0
:-0.457947 0 0 0
 inf
:-0.457947 -1.61988e-301 0 -1.61988e-301
:-0.457947 -3.98813e-302 0 -3.98813e-302
:-0.457947 0 0 0
:-0.457947 0 0 0
 inf
  -nan
j: 62
x: -0.383543
jj: 59
:-0.383543 0 -3.98813e-302 0
:-0.383543 0 -3.98813e-302 0
:-0.383543 0 -3.98813e-302 0
:-0.383543 2.07451e-317 -3.98813e-302 2.07451e-317
 inf
:-0.383543 -3.98813e-302 0 -3.98813e-302
:-0.383543 0 0 0
:-0.383543 0 0 0
:-0.383543 2.07451e-317 0 2.07451e-317
 -inf
:-0.383543 -3.98813e-302 0 -3.98813e-302
:-0.383543 0 0 0
:-0.383543 0 0 0
:-0.383543 2.07451e-317 0 2.07451e-317
 -inf
:-0.383543 -3.98813e-302 0 -3.98813e-302
:-0.383543 0 0 0
:-0.383543 0 0 0
:-0.383543 2.07451e-317 0 2.07451e-317
 -inf
:-0.383543 -3.98813e-302 2.07451e-317 -3.98813e-302
:-0.383543 0 2.07451e-317 0
:-0.383543 0 2.07451e-317 0
:-0.383543 0 2.07451e-317 0
 inf
  -nan
j: 63
x: -0.30914
jj: 60
:-0.30914 0 0 0
:-0.30914 0 0 0
:-0.30914 2.07451e-317 0 2.07451e-317
:-0.30914 6.95252e-310 0 6.95252e-310
 inf
:-0.30914 0 0 0
:-0.30914 0 0 0
:-0.30914 2.07451e-317 0 2.07451e-317
:-0.30914 6.95252e-310 0 6.95252e-310
 inf
:-0.30914 0 0 0
:-0.30914 0 0 0
:-0.30914 2.07451e-317 0 2.07451e-317
:-0.30914 6.95252e-310 0 6.95252e-310
 inf
:-0.30914 0 2.07451e-317 0
:-0.30914 0 2.07451e-317 0
:-0.30914 0 2.07451e-317 0
:-0.30914 6.95252e-310 2.07451e-317 6.95252e-310
 -inf
:-0.30914 0 6.95252e-310 0
:-0.30914 0 6.95252e-310 0
:-0.30914 0 6.95252e-310 0
:-0.30914 2.07451e-317 6.95252e-310 2.07451e-317
 inf
  -nan
j: 64
x: -0.234737
jj: 61
:-0.234737 0 0 0
:-0.234737 2.07451e-317 0 2.07451e-317
:-0.234737 6.95252e-310 0 6.95252e-310
:-0.234737 4.94066e-324 0 4.94066e-324
 -inf
:-0.234737 0 0 0
:-0.234737 2.07451e-317 0 2.07451e-317
:-0.234737 6.95252e-310 0 6.95252e-310
:-0.234737 4.94066e-324 0 4.94066e-324
 -inf
:-0.234737 0 2.07451e-317 0
:-0.234737 0 2.07451e-317 0
:-0.234737 6.95252e-310 2.07451e-317 6.95252e-310
:-0.234737 4.94066e-324 2.07451e-317 4.94066e-324
 -inf
:-0.234737 0 6.95252e-310 0
:-0.234737 0 6.95252e-310 0
:-0.234737 2.07451e-317 6.95252e-310 2.07451e-317
:-0.234737 4.94066e-324 6.95252e-310 4.94066e-324
 inf
:-0.234737 0 4.94066e-324 0
:-0.234737 0 4.94066e-324 0
:-0.234737 2.07451e-317 4.94066e-324 2.07451e-317
:-0.234737 6.95252e-310 4.94066e-324 6.95252e-310
 inf
  -nan
j: 65
x: -0.160333
jj: 62
:-0.160333 2.07451e-317 0 2.07451e-317
:-0.160333 6.95252e-310 0 6.95252e-310
:-0.160333 4.94066e-324 0 4.94066e-324
:-0.160333 0 0 0
 -inf
:-0.160333 0 2.07451e-317 0
:-0.160333 6.95252e-310 2.07451e-317 6.95252e-310
:-0.160333 4.94066e-324 2.07451e-317 4.94066e-324
:-0.160333 0 2.07451e-317 0
 -inf
:-0.160333 0 6.95252e-310 0
:-0.160333 2.07451e-317 6.95252e-310 2.07451e-317
:-0.160333 4.94066e-324 6.95252e-310 4.94066e-324
:-0.160333 0 6.95252e-310 0
 inf
:-0.160333 0 4.94066e-324 0
:-0.160333 2.07451e-317 4.94066e-324 2.07451e-317
:-0.160333 6.95252e-310 4.94066e-324 6.95252e-310
:-0.160333 0 4.94066e-324 0
 inf
:-0.160333 0 0 0
:-0.160333 2.07451e-317 0 2.07451e-317
:-0.160333 6.95252e-310 0 6.95252e-310
:-0.160333 4.94066e-324 0 4.94066e-324
 -inf
  -nan
j: 66
x: -0.0859302
jj: 63
:-0.0859302 6.95252e-310 2.07451e-317 6.95252e-310
:-0.0859302 4.94066e-324 2.07451e-317 4.94066e-324
:-0.0859302 0 2.07451e-317 0
:-0.0859302 0 2.07451e-317 0
 -inf
:-0.0859302 2.07451e-317 6.95252e-310 2.07451e-317
:-0.0859302 4.94066e-324 6.95252e-310 4.94066e-324
:-0.0859302 0 6.95252e-310 0
:-0.0859302 0 6.95252e-310 0
 inf
:-0.0859302 2.07451e-317 4.94066e-324 2.07451e-317
:-0.0859302 6.95252e-310 4.94066e-324 6.95252e-310
:-0.0859302 0 4.94066e-324 0
:-0.0859302 0 4.94066e-324 0
 inf
:-0.0859302 2.07451e-317 0 2.07451e-317
:-0.0859302 6.95252e-310 0 6.95252e-310
:-0.0859302 4.94066e-324 0 4.94066e-324
:-0.0859302 0 0 0
 -inf
:-0.0859302 2.07451e-317 0 2.07451e-317
:-0.0859302 6.95252e-310 0 6.95252e-310
:-0.0859302 4.94066e-324 0 4.94066e-324
:-0.0859302 0 0 0
 -inf
  -nan
j: 67
x: -0.0115269
jj: 64
:-0.0115269 4.94066e-324 6.95252e-310 4.94066e-324
:-0.0115269 0 6.95252e-310 0
:-0.0115269 0 6.95252e-310 0
:-0.0115269 2.07337e-317 6.95252e-310 2.07337e-317
 inf
:-0.0115269 6.95252e-310 4.94066e-324 6.95252e-310
:-0.0115269 0 4.94066e-324 0
:-0.0115269 0 4.94066e-324 0
:-0.0115269 2.07337e-317 4.94066e-324 2.07337e-317
 inf
:-0.0115269 6.95252e-310 0 6.95252e-310
:-0.0115269 4.94066e-324 0 4.94066e-324
:-0.0115269 0 0 0
:-0.0115269 2.07337e-317 0 2.07337e-317
 -inf
:-0.0115269 6.95252e-310 0 6.95252e-310
:-0.0115269 4.94066e-324 0 4.94066e-324
:-0.0115269 0 0 0
:-0.0115269 2.07337e-317 0 2.07337e-317
 -inf
:-0.0115269 6.95252e-310 2.07337e-317 6.95252e-310
:-0.0115269 4.94066e-324 2.07337e-317 4.94066e-324
:-0.0115269 0 2.07337e-317 0
:-0.0115269 0 2.07337e-317 0
 -inf
  -nan
j: 68
x: 0.0628764
jj: 65
:0.0628764 0 4.94066e-324 0
:0.0628764 0 4.94066e-324 0
:0.0628764 2.07337e-317 4.94066e-324 2.07337e-317
:0.0628764 6.95252e-310 4.94066e-324 6.95252e-310
 inf
:0.0628764 4.94066e-324 0 4.94066e-324
:0.0628764 0 0 0
:0.0628764 2.07337e-317 0 2.07337e-317
:0.0628764 6.95252e-310 0 6.95252e-310
 -inf
:0.0628764 4.94066e-324 0 4.94066e-324
:0.0628764 0 0 0
:0.0628764 2.07337e-317 0 2.07337e-317
:0.0628764 6.95252e-310 0 6.95252e-310
 -inf
:0.0628764 4.94066e-324 2.07337e-317 4.94066e-324
:0.0628764 0 2.07337e-317 0
:0.0628764 0 2.07337e-317 0
:0.0628764 6.95252e-310 2.07337e-317 6.95252e-310
 -inf
:0.0628764 4.94066e-324 6.95252e-310 4.94066e-324
:0.0628764 0 6.95252e-310 0
:0.0628764 0 6.95252e-310 0
:0.0628764 2.07337e-317 6.95252e-310 2.07337e-317
 inf
  -nan
j: 69
x: 0.13728
jj: 66
:0.13728 0 0 0
:0.13728 2.07337e-317 0 2.07337e-317
:0.13728 6.95252e-310 0 6.95252e-310
:0.13728 0 0 0
 inf
:0.13728 0 0 0
:0.13728 2.07337e-317 0 2.07337e-317
:0.13728 6.95252e-310 0 6.95252e-310
:0.13728 0 0 0
 inf
:0.13728 0 2.07337e-317 0
:0.13728 0 2.07337e-317 0
:0.13728 6.95252e-310 2.07337e-317 6.95252e-310
:0.13728 0 2.07337e-317 0
 -inf
:0.13728 0 6.95252e-310 0
:0.13728 0 6.95252e-310 0
:0.13728 2.07337e-317 6.95252e-310 2.07337e-317
:0.13728 0 6.95252e-310 0
 inf
:0.13728 0 0 0
:0.13728 0 0 0
:0.13728 2.07337e-317 0 2.07337e-317
:0.13728 6.95252e-310 0 6.95252e-310
 inf
  -nan
j: 70
x: 0.211683
jj: 67
:0.211683 2.07337e-317 0 2.07337e-317
:0.211683 6.95252e-310 0 6.95252e-310
:0.211683 0 0 0
:0.211683 2.07339e-317 0 2.07339e-317
 -inf
:0.211683 0 2.07337e-317 0
:0.211683 6.95252e-310 2.07337e-317 6.95252e-310
:0.211683 0 2.07337e-317 0
:0.211683 2.07339e-317 2.07337e-317 2.07339e-317
 inf
:0.211683 0 6.95252e-310 0
:0.211683 2.07337e-317 6.95252e-310 2.07337e-317
:0.211683 0 6.95252e-310 0
:0.211683 2.07339e-317 6.95252e-310 2.07339e-317
 inf
:0.211683 0 0 0
:0.211683 2.07337e-317 0 2.07337e-317
:0.211683 6.95252e-310 0 6.95252e-310
:0.211683 2.07339e-317 0 2.07339e-317
 -inf
:0.211683 0 2.07339e-317 0
:0.211683 2.07337e-317 2.07339e-317 2.07337e-317
:0.211683 6.95252e-310 2.07339e-317 6.95252e-310
:0.211683 0 2.07339e-317 0
 -inf
  -nan
j: 71
x: 0.286086
jj: 68
:0.286086 6.95252e-310 2.07337e-317 6.95252e-310
:0.286086 0 2.07337e-317 0
:0.286086 2.07339e-317 2.07337e-317 2.07339e-317
:0.286086 6.95252e-310 2.07337e-317 6.95252e-310
 -inf
:0.286086 2.07337e-317 6.95252e-310 2.07337e-317
:0.286086 0 6.95252e-310 0
:0.286086 2.07339e-317 6.95252e-310 2.07339e-317
:0.286086 6.95252e-310 6.95252e-310 6.95252e-310
 inf
:0.286086 2.07337e-317 0 2.07337e-317
:0.286086 6.95252e-310 0 6.95252e-310
:0.286086 2.07339e-317 0 2.07339e-317
:0.286086 6.95252e-310 0 6.95252e-310
 inf
:0.286086 2.07337e-317 2.07339e-317 2.07337e-317
:0.286086 6.95252e-310 2.07339e-317 6.95252e-310
:0.286086 0 2.07339e-317 0
:0.286086 6.95252e-310 2.07339e-317 6.95252e-310
 inf
:0.286086 2.07337e-317 6.95252e-310 2.07337e-317
:0.286086 6.95252e-310 6.95252e-310 6.95252e-310
:0.286086 0 6.95252e-310 0
:0.286086 2.07339e-317 6.95252e-310 2.07339e-317
 -inf
  -nan
j: 72
x: 0.36049
jj: 69
:0.36049 0 6.95252e-310 0
:0.36049 2.07339e-317 6.95252e-310 2.07339e-317
:0.36049 6.95252e-310 6.95252e-310 6.95252e-310
:0.36049 1.38338e-322 6.95252e-310 1.38338e-322
 inf
:0.36049 6.95252e-310 0 6.95252e-310
:0.36049 2.07339e-317 0 2.07339e-317
:0.36049 6.95252e-310 0 6.95252e-310
:0.36049 1.38338e-322 0 1.38338e-322
 inf
:0.36049 6.95252e-310 2.07339e-317 6.95252e-310
:0.36049 0 2.07339e-317 0
:0.36049 6.95252e-310 2.07339e-317 6.95252e-310
:0.36049 1.38338e-322 2.07339e-317 1.38338e-322
 inf
:0.36049 6.95252e-310 6.95252e-310 6.95252e-310
:0.36049 0 6.95252e-310 0
:0.36049 2.07339e-317 6.95252e-310 2.07339e-317
:0.36049 1.38338e-322 6.95252e-310 1.38338e-322
 -inf
:0.36049 6.95252e-310 1.38338e-322 6.95252e-310
:0.36049 0 1.38338e-322 0
:0.36049 2.07339e-317 1.38338e-322 2.07339e-317
:0.36049 6.95252e-310 1.38338e-322 6.95252e-310
 -inf
  -nan
j: 73
x: 0.434893
jj: 70
:0.434893 2.07339e-317 0 2.07339e-317
:0.434893 6.95252e-310 0 6.95252e-310
:0.434893 1.38338e-322 0 1.38338e-322
:0.434893 4.94066e-324 0 4.94066e-324
 inf
:0.434893 0 2.07339e-317 0
:0.434893 6.95252e-310 2.07339e-317 6.95252e-310
:0.434893 1.38338e-322 2.07339e-317 1.38338e-322
:0.434893 4.94066e-324 2.07339e-317 4.94066e-324
 -inf
:0.434893 0 6.95252e-310 0
:0.434893 2.07339e-317 6.95252e-310 2.07339e-317
:0.434893 1.38338e-322 6.95252e-310 1.38338e-322
:0.434893 4.94066e-324 6.95252e-310 4.94066e-324
 inf
:0.434893 0 1.38338e-322 0
:0.434893 2.07339e-317 1.38338e-322 2.07339e-317
:0.434893 6.95252e-310 1.38338e-322 6.95252e-310
:0.434893 4.94066e-324 1.38338e-322 4.94066e-324
 inf
:0.434893 0 4.94066e-324 0
:0.434893 2.07339e-317 4.94066e-324 2.07339e-317
:0.434893 6.95252e-310 4.94066e-324 6.95252e-310
:0.434893 1.38338e-322 4.94066e-324 1.38338e-322
 -inf
  -nan
j: 74
x: 0.509296
jj: 71
:0.509296 6.95252e-310 2.07339e-317 6.95252e-310
:0.509296 1.38338e-322 2.07339e-317 1.38338e-322
:0.509296 4.94066e-324 2.07339e-317 4.94066e-324
:0.509296 6.95252e-310 2.07339e-317 6.95252e-310
 inf
:0.509296 2.07339e-317 6.95252e-310 2.07339e-317
:0.509296 1.38338e-322 6.95252e-310 1.38338e-322
:0.509296 4.94066e-324 6.95252e-310 4.94066e-324
:0.509296 6.95252e-310 6.95252e-310 6.95252e-310
 -inf
:0.509296 2.07339e-317 1.38338e-322 2.07339e-317
:0.509296 6.95252e-310 1.38338e-322 6.95252e-310
:0.509296 4.94066e-324 1.38338e-322 4.94066e-324
:0.509296 6.95252e-310 1.38338e-322 6.95252e-310
 -inf
:0.509296 2.07339e-317 4.94066e-324 2.07339e-317
:0.509296 6.95252e-310 4.94066e-324 6.95252e-310
:0.509296 1.38338e-322 4.94066e-324 1.38338e-322
:0.509296 6.95252e-310 4.94066e-324 6.95252e-310
 inf
:0.509296 2.07339e-317 6.95252e-310 2.07339e-317
:0.509296 6.95252e-310 6.95252e-310 6.95252e-310
:0.509296 1.38338e-322 6.95252e-310 1.38338e-322
:0.509296 4.94066e-324 6.95252e-310 4.94066e-324
 inf
  -nan
j: 75
x: 0.5837
jj: 72
:0.5837 1.38338e-322 6.95252e-310 1.38338e-322
:0.5837 4.94066e-324 6.95252e-310 4.94066e-324
:0.5837 6.95252e-310 6.95252e-310 6.95252e-310
:0.5837 0 6.95252e-310 0
 -inf
:0.5837 6.95252e-310 1.38338e-322 6.95252e-310
:0.5837 4.94066e-324 1.38338e-322 4.94066e-324
:0.5837 6.95252e-310 1.38338e-322 6.95252e-310
:0.5837 0 1.38338e-322 0
 inf
:0.5837 6.95252e-310 4.94066e-324 6.95252e-310
:0.5837 1.38338e-322 4.94066e-324 1.38338e-322
:0.5837 6.95252e-310 4.94066e-324 6.95252e-310
:0.5837 0 4.94066e-324 0
 -inf
:0.5837 6.95252e-310 6.95252e-310 6.95252e-310
:0.5837 1.38338e-322 6.95252e-310 1.38338e-322
:0.5837 4.94066e-324 6.95252e-310 4.94066e-324
:0.5837 0 6.95252e-310 0
 inf
:0.5837 6.95252e-310 0 6.95252e-310
:0.5837 1.38338e-322 0 1.38338e-322
:0.5837 4.94066e-324 0 4.94066e-324
:0.5837 6.95252e-310 0 6.95252e-310
 inf
  -nan
j: 76
x: 0.658103
jj: 73
:0.658103 4.94066e-324 1.38338e-322 4.94066e-324
:0.658103 6.95252e-310 1.38338e-322 6.95252e-310
:0.658103 0 1.38338e-322 0
:0.658103 6.95252e-310 1.38338e-322 6.95252e-310
 inf
:0.658103 1.38338e-322 4.94066e-324 1.38338e-322
:0.658103 6.95252e-310 4.94066e-324 6.95252e-310
:0.658103 0 4.94066e-324 0
:0.658103 6.95252e-310 4.94066e-324 6.95252e-310
 -inf
:0.658103 1.38338e-322 6.95252e-310 1.38338e-322
:0.658103 4.94066e-324 6.95252e-310 4.94066e-324
:0.658103 0 6.95252e-310 0
:0.658103 6.95252e-310 6.95252e-310 6.95252e-310
 -inf
:0.658103 1.38338e-322 0 1.38338e-322
:0.658103 4.94066e-324 0 4.94066e-324
:0.658103 6.95252e-310 0 6.95252e-310
:0.658103 6.95252e-310 0 6.95252e-310
 inf
:0.658103 1.38338e-322 6.95252e-310 1.38338e-322
:0.658103 4.94066e-324 6.95252e-310 4.94066e-324
:0.658103 6.95252e-310 6.95252e-310 6.95252e-310
:0.658103 0 6.95252e-310 0
 inf
  -nan
j: 77
x: 0.732506
jj: 74
:0.732506 6.95252e-310 4.94066e-324 6.95252e-310
:0.732506 0 4.94066e-324 0
:0.732506 6.95252e-310 4.94066e-324 6.95252e-310
:0.732506 6.95252e-310 4.94066e-324 6.95252e-310
 -inf
:0.732506 4.94066e-324 6.95252e-310 4.94066e-324
:0.732506 0 6.95252e-310 0
:0.732506 6.95252e-310 6.95252e-310 6.95252e-310
:0.732506 6.95252e-310 6.95252e-310 6.95252e-310
 inf
:0.732506 4.94066e-324 0 4.94066e-324
:0.732506 6.95252e-310 0 6.95252e-310
:0.732506 6.95252e-310 0 6.95252e-310
:0.732506 6.95252e-310 0 6.95252e-310
 inf
:0.732506 4.94066e-324 6.95252e-310 4.94066e-324
:0.732506 6.95252e-310 6.95252e-310 6.95252e-310
:0.732506 0 6.95252e-310 0
:0.732506 6.95252e-310 6.95252e-310 6.95252e-310
 -inf
:0.732506 4.94066e-324 6.95252e-310 4.94066e-324
:0.732506 6.95252e-310 6.95252e-310 6.95252e-310
:0.732506 0 6.95252e-310 0
:0.732506 6.95252e-310 6.95252e-310 6.95252e-310
 inf
  -nan
j: 78
x: 0.80691
jj: 75
:0.80691 0 6.95252e-310 0
:0.80691 6.95252e-310 6.95252e-310 6.95252e-310
:0.80691 6.95252e-310 6.95252e-310 6.95252e-310
:0.80691 6.95252e-310 6.95252e-310 6.95252e-310
 -inf
:0.80691 6.95252e-310 0 6.95252e-310
:0.80691 6.95252e-310 0 6.95252e-310
:0.80691 6.95252e-310 0 6.95252e-310
:0.80691 6.95252e-310 0 6.95252e-310
 inf
:0.80691 6.95252e-310 6.95252e-310 6.95252e-310
:0.80691 0 6.95252e-310 0
:0.80691 6.95252e-310 6.95252e-310 6.95252e-310
:0.80691 6.95252e-310 6.95252e-310 6.95252e-310
 inf
:0.80691 6.95252e-310 6.95252e-310 6.95252e-310
:0.80691 0 6.95252e-310 0
:0.80691 6.95252e-310 6.95252e-310 6.95252e-310
:0.80691 6.95252e-310 6.95252e-310 6.95252e-310
 -inf
:0.80691 6.95252e-310 6.95252e-310 6.95252e-310
:0.80691 0 6.95252e-310 0
:0.80691 6.95252e-310 6.95252e-310 6.95252e-310
:0.80691 6.95252e-310 6.95252e-310 6.95252e-310
 inf
  -nan
j: 79
x: 0.881313
jj: 76
:0.881313 6.95252e-310 0 6.95252e-310
:0.881313 6.95252e-310 0 6.95252e-310
:0.881313 6.95252e-310 0 6.95252e-310
:0.881313 6.95252e-310 0 6.95252e-310
 inf
:0.881313 0 6.95252e-310 0
:0.881313 6.95252e-310 6.95252e-310 6.95252e-310
:0.881313 6.95252e-310 6.95252e-310 6.95252e-310
:0.881313 6.95252e-310 6.95252e-310 6.95252e-310
 -inf
:0.881313 0 6.95252e-310 0
:0.881313 6.95252e-310 6.95252e-310 6.95252e-310
:0.881313 6.95252e-310 6.95252e-310 6.95252e-310
:0.881313 6.95252e-310 6.95252e-310 6.95252e-310
 inf
:0.881313 0 6.95252e-310 0
:0.881313 6.95252e-310 6.95252e-310 6.95252e-310
:0.881313 6.95252e-310 6.95252e-310 6.95252e-310
:0.881313 6.95252e-310 6.95252e-310 6.95252e-310
 -inf
:0.881313 0 6.95252e-310 0
:0.881313 6.95252e-310 6.95252e-310 6.95252e-310
:0.881313 6.95252e-310 6.95252e-310 6.95252e-310
:0.881313 6.95252e-310 6.95252e-310 6.95252e-310
 inf
  -nan
j: 80
x: 0.955716
jj: 77
:0.955716 6.95252e-310 6.95252e-310 6.95252e-310
:0.955716 6.95252e-310 6.95252e-310 6.95252e-310
:0.955716 6.95252e-310 6.95252e-310 6.95252e-310
:0.955716 6.95252e-310 6.95252e-310 6.95252e-310
 inf
:0.955716 6.95252e-310 6.95252e-310 6.95252e-310
:0.955716 6.95252e-310 6.95252e-310 6.95252e-310
:0.955716 6.95252e-310 6.95252e-310 6.95252e-310
:0.955716 6.95252e-310 6.95252e-310 6.95252e-310
 -inf
:0.955716 6.95252e-310 6.95252e-310 6.95252e-310
:0.955716 6.95252e-310 6.95252e-310 6.95252e-310
:0.955716 6.95252e-310 6.95252e-310 6.95252e-310
:0.955716 6.95252e-310 6.95252e-310 6.95252e-310
 inf
:0.955716 6.95252e-310 6.95252e-310 6.95252e-310
:0.955716 6.95252e-310 6.95252e-310 6.95252e-310
:0.955716 6.95252e-310 6.95252e-310 6.95252e-310
:0.955716 6.95252e-310 6.95252e-310 6.95252e-310
 -inf
:0.955716 6.95252e-310 6.95252e-310 6.95252e-310
:0.955716 6.95252e-310 6.95252e-310 6.95252e-310
:0.955716 6.95252e-310 6.95252e-310 6.95252e-310
:0.955716 6.95252e-310 6.95252e-310 6.95252e-310
 inf
  -nan
j: 81
x: 1.03012
jj: 78
:1.03012 6.95252e-310 6.95252e-310 6.95252e-310
:1.03012 6.95252e-310 6.95252e-310 6.95252e-310
:1.03012 6.95252e-310 6.95252e-310 6.95252e-310
:1.03012 6.95252e-310 6.95252e-310 6.95252e-310
 inf
:1.03012 6.95252e-310 6.95252e-310 6.95252e-310
:1.03012 6.95252e-310 6.95252e-310 6.95252e-310
:1.03012 6.95252e-310 6.95252e-310 6.95252e-310
:1.03012 6.95252e-310 6.95252e-310 6.95252e-310
 -inf
:1.03012 6.95252e-310 6.95252e-310 6.95252e-310
:1.03012 6.95252e-310 6.95252e-310 6.95252e-310
:1.03012 6.95252e-310 6.95252e-310 6.95252e-310
:1.03012 6.95252e-310 6.95252e-310 6.95252e-310
 inf
:1.03012 6.95252e-310 6.95252e-310 6.95252e-310
:1.03012 6.95252e-310 6.95252e-310 6.95252e-310
:1.03012 6.95252e-310 6.95252e-310 6.95252e-310
:1.03012 6.95252e-310 6.95252e-310 6.95252e-310
 -inf
:1.03012 6.95252e-310 6.95252e-310 6.95252e-310
:1.03012 6.95252e-310 6.95252e-310 6.95252e-310
:1.03012 6.95252e-310 6.95252e-310 6.95252e-310
:1.03012 6.95252e-310 6.95252e-310 6.95252e-310
 inf
  -nan
j: 82
x: 1.10452
jj: 79
:1.10452 6.95252e-310 6.95252e-310 6.95252e-310
:1.10452 6.95252e-310 6.95252e-310 6.95252e-310
:1.10452 6.95252e-310 6.95252e-310 6.95252e-310
:1.10452 6.95252e-310 6.95252e-310 6.95252e-310
 inf
:1.10452 6.95252e-310 6.95252e-310 6.95252e-310
:1.10452 6.95252e-310 6.95252e-310 6.95252e-310
:1.10452 6.95252e-310 6.95252e-310 6.95252e-310
:1.10452 6.95252e-310 6.95252e-310 6.95252e-310
 -inf
:1.10452 6.95252e-310 6.95252e-310 6.95252e-310
:1.10452 6.95252e-310 6.95252e-310 6.95252e-310
:1.10452 6.95252e-310 6.95252e-310 6.95252e-310
:1.10452 6.95252e-310 6.95252e-310 6.95252e-310
 inf
:1.10452 6.95252e-310 6.95252e-310 6.95252e-310
:1.10452 6.95252e-310 6.95252e-310 6.95252e-310
:1.10452 6.95252e-310 6.95252e-310 6.95252e-310
:1.10452 6.95252e-310 6.95252e-310 6.95252e-310
 -inf
:1.10452 6.95252e-310 6.95252e-310 6.95252e-310
:1.10452 6.95252e-310 6.95252e-310 6.95252e-310
:1.10452 6.95252e-310 6.95252e-310 6.95252e-310
:1.10452 6.95252e-310 6.95252e-310 6.95252e-310
 inf
  -nan
j: 83
x: 1.17893
jj: 80
:1.17893 6.95252e-310 6.95252e-310 6.95252e-310
:1.17893 6.95252e-310 6.95252e-310 6.95252e-310
:1.17893 6.95252e-310 6.95252e-310 6.95252e-310
:1.17893 6.95252e-310 6.95252e-310 6.95252e-310
 inf
:1.17893 6.95252e-310 6.95252e-310 6.95252e-310
:1.17893 6.95252e-310 6.95252e-310 6.95252e-310
:1.17893 6.95252e-310 6.95252e-310 6.95252e-310
:1.17893 6.95252e-310 6.95252e-310 6.95252e-310
 -inf
:1.17893 6.95252e-310 6.95252e-310 6.95252e-310
:1.17893 6.95252e-310 6.95252e-310 6.95252e-310
:1.17893 6.95252e-310 6.95252e-310 6.95252e-310
:1.17893 6.95252e-310 6.95252e-310 6.95252e-310
 inf
:1.17893 6.95252e-310 6.95252e-310 6.95252e-310
:1.17893 6.95252e-310 6.95252e-310 6.95252e-310
:1.17893 6.95252e-310 6.95252e-310 6.95252e-310
:1.17893 6.95252e-310 6.95252e-310 6.95252e-310
 -inf
:1.17893 6.95252e-310 6.95252e-310 6.95252e-310
:1.17893 6.95252e-310 6.95252e-310 6.95252e-310
:1.17893 6.95252e-310 6.95252e-310 6.95252e-310
:1.17893 6.95252e-310 6.95252e-310 6.95252e-310
 inf
  -nan
j: 84
x: 1.25333
jj: 81
:1.25333 6.95252e-310 6.95252e-310 6.95252e-310
:1.25333 6.95252e-310 6.95252e-310 6.95252e-310
:1.25333 6.95252e-310 6.95252e-310 6.95252e-310
:1.25333 6.95252e-310 6.95252e-310 6.95252e-310
 inf
:1.25333 6.95252e-310 6.95252e-310 6.95252e-310
:1.25333 6.95252e-310 6.95252e-310 6.95252e-310
:1.25333 6.95252e-310 6.95252e-310 6.95252e-310
:1.25333 6.95252e-310 6.95252e-310 6.95252e-310
 -inf
:1.25333 6.95252e-310 6.95252e-310 6.95252e-310
:1.25333 6.95252e-310 6.95252e-310 6.95252e-310
:1.25333 6.95252e-310 6.95252e-310 6.95252e-310
:1.25333 6.95252e-310 6.95252e-310 6.95252e-310
 inf
:1.25333 6.95252e-310 6.95252e-310 6.95252e-310
:1.25333 6.95252e-310 6.95252e-310 6.95252e-310
:1.25333 6.95252e-310 6.95252e-310 6.95252e-310
:1.25333 6.95252e-310 6.95252e-310 6.95252e-310
 -inf
:1.25333 6.95252e-310 6.95252e-310 6.95252e-310
:1.25333 6.95252e-310 6.95252e-310 6.95252e-310
:1.25333 6.95252e-310 6.95252e-310 6.95252e-310
:1.25333 6.95252e-310 6.95252e-310 6.95252e-310
 inf
  -nan
j: 85
x: 1.32773
jj: 82
:1.32773 6.95252e-310 6.95252e-310 6.95252e-310
:1.32773 6.95252e-310 6.95252e-310 6.95252e-310
:1.32773 6.95252e-310 6.95252e-310 6.95252e-310
:1.32773 6.95252e-310 6.95252e-310 6.95252e-310
 inf
:1.32773 6.95252e-310 6.95252e-310 6.95252e-310
:1.32773 6.95252e-310 6.95252e-310 6.95252e-310
:1.32773 6.95252e-310 6.95252e-310 6.95252e-310
:1.32773 6.95252e-310 6.95252e-310 6.95252e-310
 -inf
:1.32773 6.95252e-310 6.95252e-310 6.95252e-310
:1.32773 6.95252e-310 6.95252e-310 6.95252e-310
:1.32773 6.95252e-310 6.95252e-310 6.95252e-310
:1.32773 6.95252e-310 6.95252e-310 6.95252e-310
 inf
:1.32773 6.95252e-310 6.95252e-310 6.95252e-310
:1.32773 6.95252e-310 6.95252e-310 6.95252e-310
:1.32773 6.95252e-310 6.95252e-310 6.95252e-310
:1.32773 6.95252e-310 6.95252e-310 6.95252e-310
 -inf
:1.32773 6.95252e-310 6.95252e-310 6.95252e-310
:1.32773 6.95252e-310 6.95252e-310 6.95252e-310
:1.32773 6.95252e-310 6.95252e-310 6.95252e-310
:1.32773 6.95252e-310 6.95252e-310 6.95252e-310
 inf
  -nan
j: 86
x: 1.40214
jj: 83
:1.40214 6.95252e-310 6.95252e-310 6.95252e-310
:1.40214 6.95252e-310 6.95252e-310 6.95252e-310
:1.40214 6.95252e-310 6.95252e-310 6.95252e-310
:1.40214 6.95252e-310 6.95252e-310 6.95252e-310
 inf
:1.40214 6.95252e-310 6.95252e-310 6.95252e-310
:1.40214 6.95252e-310 6.95252e-310 6.95252e-310
:1.40214 6.95252e-310 6.95252e-310 6.95252e-310
:1.40214 6.95252e-310 6.95252e-310 6.95252e-310
 -inf
:1.40214 6.95252e-310 6.95252e-310 6.95252e-310
:1.40214 6.95252e-310 6.95252e-310 6.95252e-310
:1.40214 6.95252e-310 6.95252e-310 6.95252e-310
:1.40214 6.95252e-310 6.95252e-310 6.95252e-310
 inf
:1.40214 6.95252e-310 6.95252e-310 6.95252e-310
:1.40214 6.95252e-310 6.95252e-310 6.95252e-310
:1.40214 6.95252e-310 6.95252e-310 6.95252e-310
:1.40214 6.95252e-310 6.95252e-310 6.95252e-310
 -inf
:1.40214 6.95252e-310 6.95252e-310 6.95252e-310
:1.40214 6.95252e-310 6.95252e-310 6.95252e-310
:1.40214 6.95252e-310 6.95252e-310 6.95252e-310
:1.40214 6.95252e-310 6.95252e-310 6.95252e-310
 inf
  -nan
j: 87
x: 1.47654
jj: 84
:1.47654 6.95252e-310 6.95252e-310 6.95252e-310
:1.47654 6.95252e-310 6.95252e-310 6.95252e-310
:1.47654 6.95252e-310 6.95252e-310 6.95252e-310
:1.47654 6.95252e-310 6.95252e-310 6.95252e-310
 inf
:1.47654 6.95252e-310 6.95252e-310 6.95252e-310
:1.47654 6.95252e-310 6.95252e-310 6.95252e-310
:1.47654 6.95252e-310 6.95252e-310 6.95252e-310
:1.47654 6.95252e-310 6.95252e-310 6.95252e-310
 -inf
:1.47654 6.95252e-310 6.95252e-310 6.95252e-310
:1.47654 6.95252e-310 6.95252e-310 6.95252e-310
:1.47654 6.95252e-310 6.95252e-310 6.95252e-310
:1.47654 6.95252e-310 6.95252e-310 6.95252e-310
 inf
:1.47654 6.95252e-310 6.95252e-310 6.95252e-310
:1.47654 6.95252e-310 6.95252e-310 6.95252e-310
:1.47654 6.95252e-310 6.95252e-310 6.95252e-310
:1.47654 6.95252e-310 6.95252e-310 6.95252e-310
 -inf
:1.47654 6.95252e-310 6.95252e-310 6.95252e-310
:1.47654 6.95252e-310 6.95252e-310 6.95252e-310
:1.47654 6.95252e-310 6.95252e-310 6.95252e-310
:1.47654 6.95252e-310 6.95252e-310 6.95252e-310
 inf
  -nan
j: 88
x: 1.55094
jj: 85
:1.55094 6.95252e-310 6.95252e-310 6.95252e-310
:1.55094 6.95252e-310 6.95252e-310 6.95252e-310
:1.55094 6.95252e-310 6.95252e-310 6.95252e-310
:1.55094 6.95252e-310 6.95252e-310 6.95252e-310
 inf
:1.55094 6.95252e-310 6.95252e-310 6.95252e-310
:1.55094 6.95252e-310 6.95252e-310 6.95252e-310
:1.55094 6.95252e-310 6.95252e-310 6.95252e-310
:1.55094 6.95252e-310 6.95252e-310 6.95252e-310
 -inf
:1.55094 6.95252e-310 6.95252e-310 6.95252e-310
:1.55094 6.95252e-310 6.95252e-310 6.95252e-310
:1.55094 6.95252e-310 6.95252e-310 6.95252e-310
:1.55094 6.95252e-310 6.95252e-310 6.95252e-310
 inf
:1.55094 6.95252e-310 6.95252e-310 6.95252e-310
:1.55094 6.95252e-310 6.95252e-310 6.95252e-310
:1.55094 6.95252e-310 6.95252e-310 6.95252e-310
:1.55094 6.95252e-310 6.95252e-310 6.95252e-310
 -inf
:1.55094 6.95252e-310 6.95252e-310 6.95252e-310
:1.55094 6.95252e-310 6.95252e-310 6.95252e-310
:1.55094 6.95252e-310 6.95252e-310 6.95252e-310
:1.55094 6.95252e-310 6.95252e-310 6.95252e-310
 inf
  -nan
j: 89
x: 1.62535
jj: 86
:1.62535 6.95252e-310 6.95252e-310 6.95252e-310
:1.62535 6.95252e-310 6.95252e-310 6.95252e-310
:1.62535 6.95252e-310 6.95252e-310 6.95252e-310
:1.62535 6.95252e-310 6.95252e-310 6.95252e-310
 inf
:1.62535 6.95252e-310 6.95252e-310 6.95252e-310
:1.62535 6.95252e-310 6.95252e-310 6.95252e-310
:1.62535 6.95252e-310 6.95252e-310 6.95252e-310
:1.62535 6.95252e-310 6.95252e-310 6.95252e-310
 -inf
:1.62535 6.95252e-310 6.95252e-310 6.95252e-310
:1.62535 6.95252e-310 6.95252e-310 6.95252e-310
:1.62535 6.95252e-310 6.95252e-310 6.95252e-310
:1.62535 6.95252e-310 6.95252e-310 6.95252e-310
 inf
:1.62535 6.95252e-310 6.95252e-310 6.95252e-310
:1.62535 6.95252e-310 6.95252e-310 6.95252e-310
:1.62535 6.95252e-310 6.95252e-310 6.95252e-310
:1.62535 6.95252e-310 6.95252e-310 6.95252e-310
 -inf
:1.62535 6.95252e-310 6.95252e-310 6.95252e-310
:1.62535 6.95252e-310 6.95252e-310 6.95252e-310
:1.62535 6.95252e-310 6.95252e-310 6.95252e-310
:1.62535 6.95252e-310 6.95252e-310 6.95252e-310
 inf
  -nan
j: 90
x: 1.69975
jj: 87
:1.69975 6.95252e-310 6.95252e-310 6.95252e-310
:1.69975 6.95252e-310 6.95252e-310 6.95252e-310
:1.69975 6.95252e-310 6.95252e-310 6.95252e-310
:1.69975 6.95252e-310 6.95252e-310 6.95252e-310
 inf
:1.69975 6.95252e-310 6.95252e-310 6.95252e-310
:1.69975 6.95252e-310 6.95252e-310 6.95252e-310
:1.69975 6.95252e-310 6.95252e-310 6.95252e-310
:1.69975 6.95252e-310 6.95252e-310 6.95252e-310
 -inf
:1.69975 6.95252e-310 6.95252e-310 6.95252e-310
:1.69975 6.95252e-310 6.95252e-310 6.95252e-310
:1.69975 6.95252e-310 6.95252e-310 6.95252e-310
:1.69975 6.95252e-310 6.95252e-310 6.95252e-310
 inf
:1.69975 6.95252e-310 6.95252e-310 6.95252e-310
:1.69975 6.95252e-310 6.95252e-310 6.95252e-310
:1.69975 6.95252e-310 6.95252e-310 6.95252e-310
:1.69975 6.95252e-310 6.95252e-310 6.95252e-310
 -inf
:1.69975 6.95252e-310 6.95252e-310 6.95252e-310
:1.69975 6.95252e-310 6.95252e-310 6.95252e-310
:1.69975 6.95252e-310 6.95252e-310 6.95252e-310
:1.69975 6.95252e-310 6.95252e-310 6.95252e-310
 inf
  -nan
j: 91
x: 1.77415
jj: 88
:1.77415 6.95252e-310 6.95252e-310 6.95252e-310
:1.77415 6.95252e-310 6.95252e-310 6.95252e-310
:1.77415 6.95252e-310 6.95252e-310 6.95252e-310
:1.77415 6.95252e-310 6.95252e-310 6.95252e-310
 inf
:1.77415 6.95252e-310 6.95252e-310 6.95252e-310
:1.77415 6.95252e-310 6.95252e-310 6.95252e-310
:1.77415 6.95252e-310 6.95252e-310 6.95252e-310
:1.77415 6.95252e-310 6.95252e-310 6.95252e-310
 -inf
:1.77415 6.95252e-310 6.95252e-310 6.95252e-310
:1.77415 6.95252e-310 6.95252e-310 6.95252e-310
:1.77415 6.95252e-310 6.95252e-310 6.95252e-310
:1.77415 6.95252e-310 6.95252e-310 6.95252e-310
 inf
:1.77415 6.95252e-310 6.95252e-310 6.95252e-310
:1.77415 6.95252e-310 6.95252e-310 6.95252e-310
:1.77415 6.95252e-310 6.95252e-310 6.95252e-310
:1.77415 6.95252e-310 6.95252e-310 6.95252e-310
 -inf
:1.77415 6.95252e-310 6.95252e-310 6.95252e-310
:1.77415 6.95252e-310 6.95252e-310 6.95252e-310
:1.77415 6.95252e-310 6.95252e-310 6.95252e-310
:1.77415 6.95252e-310 6.95252e-310 6.95252e-310
 inf
  -nan
j: 92
x: 1.84856
jj: 89
:1.84856 6.95252e-310 6.95252e-310 6.95252e-310
:1.84856 6.95252e-310 6.95252e-310 6.95252e-310
:1.84856 6.95252e-310 6.95252e-310 6.95252e-310
:1.84856 6.95252e-310 6.95252e-310 6.95252e-310
 inf
:1.84856 6.95252e-310 6.95252e-310 6.95252e-310
:1.84856 6.95252e-310 6.95252e-310 6.95252e-310
:1.84856 6.95252e-310 6.95252e-310 6.95252e-310
:1.84856 6.95252e-310 6.95252e-310 6.95252e-310
 -inf
:1.84856 6.95252e-310 6.95252e-310 6.95252e-310
:1.84856 6.95252e-310 6.95252e-310 6.95252e-310
:1.84856 6.95252e-310 6.95252e-310 6.95252e-310
:1.84856 6.95252e-310 6.95252e-310 6.95252e-310
 inf
:1.84856 6.95252e-310 6.95252e-310 6.95252e-310
:1.84856 6.95252e-310 6.95252e-310 6.95252e-310
:1.84856 6.95252e-310 6.95252e-310 6.95252e-310
:1.84856 6.95252e-310 6.95252e-310 6.95252e-310
 -inf
:1.84856 6.95252e-310 6.95252e-310 6.95252e-310
:1.84856 6.95252e-310 6.95252e-310 6.95252e-310
:1.84856 6.95252e-310 6.95252e-310 6.95252e-310
:1.84856 6.95252e-310 6.95252e-310 6.95252e-310
 inf
  -nan
j: 93
x: 1.92296
jj: 90
:1.92296 6.95252e-310 6.95252e-310 6.95252e-310
:1.92296 6.95252e-310 6.95252e-310 6.95252e-310
:1.92296 6.95252e-310 6.95252e-310 6.95252e-310
:1.92296 6.95252e-310 6.95252e-310 6.95252e-310
 inf
:1.92296 6.95252e-310 6.95252e-310 6.95252e-310
:1.92296 6.95252e-310 6.95252e-310 6.95252e-310
:1.92296 6.95252e-310 6.95252e-310 6.95252e-310
:1.92296 6.95252e-310 6.95252e-310 6.95252e-310
 -inf
:1.92296 6.95252e-310 6.95252e-310 6.95252e-310
:1.92296 6.95252e-310 6.95252e-310 6.95252e-310
:1.92296 6.95252e-310 6.95252e-310 6.95252e-310
:1.92296 6.95252e-310 6.95252e-310 6.95252e-310
 inf
:1.92296 6.95252e-310 6.95252e-310 6.95252e-310
:1.92296 6.95252e-310 6.95252e-310 6.95252e-310
:1.92296 6.95252e-310 6.95252e-310 6.95252e-310
:1.92296 6.95252e-310 6.95252e-310 6.95252e-310
 -inf
:1.92296 6.95252e-310 6.95252e-310 6.95252e-310
:1.92296 6.95252e-310 6.95252e-310 6.95252e-310
:1.92296 6.95252e-310 6.95252e-310 6.95252e-310
:1.92296 6.95252e-310 6.95252e-310 6.95252e-310
 inf
  -nan
j: 94
x: 1.99736
jj: 91
:1.99736 6.95252e-310 6.95252e-310 6.95252e-310
:1.99736 6.95252e-310 6.95252e-310 6.95252e-310
:1.99736 6.95252e-310 6.95252e-310 6.95252e-310
:1.99736 6.95252e-310 6.95252e-310 6.95252e-310
 inf
:1.99736 6.95252e-310 6.95252e-310 6.95252e-310
:1.99736 6.95252e-310 6.95252e-310 6.95252e-310
:1.99736 6.95252e-310 6.95252e-310 6.95252e-310
:1.99736 6.95252e-310 6.95252e-310 6.95252e-310
 -inf
:1.99736 6.95252e-310 6.95252e-310 6.95252e-310
:1.99736 6.95252e-310 6.95252e-310 6.95252e-310
:1.99736 6.95252e-310 6.95252e-310 6.95252e-310
:1.99736 6.95252e-310 6.95252e-310 6.95252e-310
 inf
:1.99736 6.95252e-310 6.95252e-310 6.95252e-310
:1.99736 6.95252e-310 6.95252e-310 6.95252e-310
:1.99736 6.95252e-310 6.95252e-310 6.95252e-310
:1.99736 6.95252e-310 6.95252e-310 6.95252e-310
 -inf
:1.99736 6.95252e-310 6.95252e-310 6.95252e-310
:1.99736 6.95252e-310 6.95252e-310 6.95252e-310
:1.99736 6.95252e-310 6.95252e-310 6.95252e-310
:1.99736 6.95252e-310 6.95252e-310 6.95252e-310
 inf
  -nan
j: 95
x: 2.07177
jj: 92
:2.07177 6.95252e-310 6.95252e-310 6.95252e-310
:2.07177 6.95252e-310 6.95252e-310 6.95252e-310
:2.07177 6.95252e-310 6.95252e-310 6.95252e-310
:2.07177 6.95252e-310 6.95252e-310 6.95252e-310
 inf
:2.07177 6.95252e-310 6.95252e-310 6.95252e-310
:2.07177 6.95252e-310 6.95252e-310 6.95252e-310
:2.07177 6.95252e-310 6.95252e-310 6.95252e-310
:2.07177 6.95252e-310 6.95252e-310 6.95252e-310
 -inf
:2.07177 6.95252e-310 6.95252e-310 6.95252e-310
:2.07177 6.95252e-310 6.95252e-310 6.95252e-310
:2.07177 6.95252e-310 6.95252e-310 6.95252e-310
:2.07177 6.95252e-310 6.95252e-310 6.95252e-310
 inf
:2.07177 6.95252e-310 6.95252e-310 6.95252e-310
:2.07177 6.95252e-310 6.95252e-310 6.95252e-310
:2.07177 6.95252e-310 6.95252e-310 6.95252e-310
:2.07177 6.95252e-310 6.95252e-310 6.95252e-310
 -inf
:2.07177 6.95252e-310 6.95252e-310 6.95252e-310
:2.07177 6.95252e-310 6.95252e-310 6.95252e-310
:2.07177 6.95252e-310 6.95252e-310 6.95252e-310
:2.07177 6.95252e-310 6.95252e-310 6.95252e-310
 inf
  -nan
j: 96
x: 2.14617
jj: 93
:2.14617 6.95252e-310 6.95252e-310 6.95252e-310
:2.14617 6.95252e-310 6.95252e-310 6.95252e-310
:2.14617 6.95252e-310 6.95252e-310 6.95252e-310
:2.14617 6.95252e-310 6.95252e-310 6.95252e-310
 inf
:2.14617 6.95252e-310 6.95252e-310 6.95252e-310
:2.14617 6.95252e-310 6.95252e-310 6.95252e-310
:2.14617 6.95252e-310 6.95252e-310 6.95252e-310
:2.14617 6.95252e-310 6.95252e-310 6.95252e-310
 -inf
:2.14617 6.95252e-310 6.95252e-310 6.95252e-310
:2.14617 6.95252e-310 6.95252e-310 6.95252e-310
:2.14617 6.95252e-310 6.95252e-310 6.95252e-310
:2.14617 6.95252e-310 6.95252e-310 6.95252e-310
 inf
:2.14617 6.95252e-310 6.95252e-310 6.95252e-310
:2.14617 6.95252e-310 6.95252e-310 6.95252e-310
:2.14617 6.95252e-310 6.95252e-310 6.95252e-310
:2.14617 6.95252e-310 6.95252e-310 6.95252e-310
 -inf
:2.14617 6.95252e-310 6.95252e-310 6.95252e-310
:2.14617 6.95252e-310 6.95252e-310 6.95252e-310
:2.14617 6.95252e-310 6.95252e-310 6.95252e-310
:2.14617 6.95252e-310 6.95252e-310 6.95252e-310
 inf
  -nan
j: 97
x: 2.22057
jj: 94
:2.22057 6.95252e-310 6.95252e-310 6.95252e-310
:2.22057 6.95252e-310 6.95252e-310 6.95252e-310
:2.22057 6.95252e-310 6.95252e-310 6.95252e-310
:2.22057 6.95252e-310 6.95252e-310 6.95252e-310
 inf
:2.22057 6.95252e-310 6.95252e-310 6.95252e-310
:2.22057 6.95252e-310 6.95252e-310 6.95252e-310
:2.22057 6.95252e-310 6.95252e-310 6.95252e-310
:2.22057 6.95252e-310 6.95252e-310 6.95252e-310
 -inf
:2.22057 6.95252e-310 6.95252e-310 6.95252e-310
:2.22057 6.95252e-310 6.95252e-310 6.95252e-310
:2.22057 6.95252e-310 6.95252e-310 6.95252e-310
:2.22057 6.95252e-310 6.95252e-310 6.95252e-310
 inf
:2.22057 6.95252e-310 6.95252e-310 6.95252e-310
:2.22057 6.95252e-310 6.95252e-310 6.95252e-310
:2.22057 6.95252e-310 6.95252e-310 6.95252e-310
:2.22057 6.95252e-310 6.95252e-310 6.95252e-310
 -inf
:2.22057 6.95252e-310 6.95252e-310 6.95252e-310
:2.22057 6.95252e-310 6.95252e-310 6.95252e-310
:2.22057 6.95252e-310 6.95252e-310 6.95252e-310
:2.22057 6.95252e-310 6.95252e-310 6.95252e-310
 inf
  -nan
j: 98
x: 2.29498
jj: 95
:2.29498 6.95252e-310 6.95252e-310 6.95252e-310
:2.29498 6.95252e-310 6.95252e-310 6.95252e-310
:2.29498 6.95252e-310 6.95252e-310 6.95252e-310
:2.29498 6.95252e-310 6.95252e-310 6.95252e-310
 inf
:2.29498 6.95252e-310 6.95252e-310 6.95252e-310
:2.29498 6.95252e-310 6.95252e-310 6.95252e-310
:2.29498 6.95252e-310 6.95252e-310 6.95252e-310
:2.29498 6.95252e-310 6.95252e-310 6.95252e-310
 -inf
:2.29498 6.95252e-310 6.95252e-310 6.95252e-310
:2.29498 6.95252e-310 6.95252e-310 6.95252e-310
:2.29498 6.95252e-310 6.95252e-310 6.95252e-310
:2.29498 6.95252e-310 6.95252e-310 6.95252e-310
 inf
:2.29498 6.95252e-310 6.95252e-310 6.95252e-310
:2.29498 6.95252e-310 6.95252e-310 6.95252e-310
:2.29498 6.95252e-310 6.95252e-310 6.95252e-310
:2.29498 6.95252e-310 6.95252e-310 6.95252e-310
 -inf
:2.29498 6.95252e-310 6.95252e-310 6.95252e-310
:2.29498 6.95252e-310 6.95252e-310 6.95252e-310
:2.29498 6.95252e-310 6.95252e-310 6.95252e-310
:2.29498 6.95252e-310 6.95252e-310 6.95252e-310
 inf
  -nan
j: 99
x: 2.36938
jj: 96
:2.36938 6.95252e-310 6.95252e-310 6.95252e-310
:2.36938 6.95252e-310 6.95252e-310 6.95252e-310
:2.36938 6.95252e-310 6.95252e-310 6.95252e-310
:2.36938 6.95252e-310 6.95252e-310 6.95252e-310
 inf
:2.36938 6.95252e-310 6.95252e-310 6.95252e-310
:2.36938 6.95252e-310 6.95252e-310 6.95252e-310
:2.36938 6.95252e-310 6.95252e-310 6.95252e-310
:2.36938 6.95252e-310 6.95252e-310 6.95252e-310
 -inf
:2.36938 6.95252e-310 6.95252e-310 6.95252e-310
:2.36938 6.95252e-310 6.95252e-310 6.95252e-310
:2.36938 6.95252e-310 6.95252e-310 6.95252e-310
:2.36938 6.95252e-310 6.95252e-310 6.95252e-310
 inf
:2.36938 6.95252e-310 6.95252e-310 6.95252e-310
:2.36938 6.95252e-310 6.95252e-310 6.95252e-310
:2.36938 6.95252e-310 6.95252e-310 6.95252e-310
:2.36938 6.95252e-310 6.95252e-310 6.95252e-310
 -inf
:2.36938 6.95252e-310 6.95252e-310 6.95252e-310
:2.36938 6.95252e-310 6.95252e-310 6.95252e-310
:2.36938 6.95252e-310 6.95252e-310 6.95252e-310
:2.36938 6.95252e-310 6.95252e-310 6.95252e-310
 inf
  -nan
j: 100
x: 2.44378
jj: 96
:2.44378 6.95252e-310 6.95252e-310 6.95252e-310
:2.44378 6.95252e-310 6.95252e-310 6.95252e-310
:2.44378 6.95252e-310 6.95252e-310 6.95252e-310
:2.44378 6.95252e-310 6.95252e-310 6.95252e-310
 inf
:2.44378 6.95252e-310 6.95252e-310 6.95252e-310
:2.44378 6.95252e-310 6.95252e-310 6.95252e-310
:2.44378 6.95252e-310 6.95252e-310 6.95252e-310
:2.44378 6.95252e-310 6.95252e-310 6.95252e-310
 -inf
:2.44378 6.95252e-310 6.95252e-310 6.95252e-310
:2.44378 6.95252e-310 6.95252e-310 6.95252e-310
:2.44378 6.95252e-310 6.95252e-310 6.95252e-310
:2.44378 6.95252e-310 6.95252e-310 6.95252e-310
 inf
:2.44378 6.95252e-310 6.95252e-310 6.95252e-310
:2.44378 6.95252e-310 6.95252e-310 6.95252e-310
:2.44378 6.95252e-310 6.95252e-310 6.95252e-310
:2.44378 6.95252e-310 6.95252e-310 6.95252e-310
 -inf
:2.44378 6.95252e-310 6.95252e-310 6.95252e-310
:2.44378 6.95252e-310 6.95252e-310 6.95252e-310
:2.44378 6.95252e-310 6.95252e-310 6.95252e-310
:2.44378 6.95252e-310 6.95252e-310 6.95252e-310
 inf
  -nan
j: 101
x: 2.51819
jj: 96
:2.51819 6.95252e-310 6.95252e-310 6.95252e-310
:2.51819 6.95252e-310 6.95252e-310 6.95252e-310
:2.51819 6.95252e-310 6.95252e-310 6.95252e-310
:2.51819 6.95252e-310 6.95252e-310 6.95252e-310
 inf
:2.51819 6.95252e-310 6.95252e-310 6.95252e-310
:2.51819 6.95252e-310 6.95252e-310 6.95252e-310
:2.51819 6.95252e-310 6.95252e-310 6.95252e-310
:2.51819 6.95252e-310 6.95252e-310 6.95252e-310
 -inf
:2.51819 6.95252e-310 6.95252e-310 6.95252e-310
:2.51819 6.95252e-310 6.95252e-310 6.95252e-310
:2.51819 6.95252e-310 6.95252e-310 6.95252e-310
:2.51819 6.95252e-310 6.95252e-310 6.95252e-310
 inf
:2.51819 6.95252e-310 6.95252e-310 6.95252e-310
:2.51819 6.95252e-310 6.95252e-310 6.95252e-310
:2.51819 6.95252e-310 6.95252e-310 6.95252e-310
:2.51819 6.95252e-310 6.95252e-310 6.95252e-310
 -inf
:2.51819 6.95252e-310 6.95252e-310 6.95252e-310
:2.51819 6.95252e-310 6.95252e-310 6.95252e-310
:2.51819 6.95252e-310 6.95252e-310 6.95252e-310
:2.51819 6.95252e-310 6.95252e-310 6.95252e-310
 inf
  -nan
